version https://git-lfs.github.com/spec/v1
oid sha256:ade7cd7eca3c09f84fcb39f5e0dd42c1689e3ea3a895dcb42f8f771e0bb3108e
size 372703
