version https://git-lfs.github.com/spec/v1
oid sha256:cf8d4667e0a4165f4f947cbf7d3d42573a1810c44a600c2f7ce1ef7a0f262641
size 8963
