version https://git-lfs.github.com/spec/v1
oid sha256:45dbe9825755240ff9ffb8254f98682a7972a4b81f2b88c1d228f107ba7d088a
size 10290
