version https://git-lfs.github.com/spec/v1
oid sha256:84c54a1bcd061a81816e1535b6fdad33c5f4c4fbac37b18637e340368503c965
size 74783
