#,,,,,,,,,,,,,,,,,,,,,,,,,,,,,"generated_by='OpenQuake engine 3.11.3-git29ac352f7d', start_date='2021-07-09T03:43:16', checksum=40328840, investigation_time=1.0, risk_investigation_time=1.0"
asset_id,BldEpoch,BldgType,EqDesLev,GenOcc,GenType,LandUse,OccClass,SAC,SSC_Zone,SauidID,adauid,cdname,cduid,csdname,csduid,dauid,ername,eruid,fsauid,prname,pruid,sauid,taxonomy,lon,lat,contents,nonstructural,occupants,structural
1980842-COM3-RM1L-PC,Pre-1973,RM1L,PC,Commercial,RMasonry,RES-HD,COM3,1,SSC-2,24040883,24660143,Montréal,2466,Montréal,2466023,24663453,Montréal,2440,H3C,Quebec / Québec,24,24040883,COM3-RM1L-PC,-73.56971,45.49325,1.88799E+01,2.83523E+01,6.69125E-06,1.48450E+01
1980843-RES3D-W4-MC,2005-2016,W4,MC,Residential-HD,Wood,RES-HD,RES3D,1,SSC-2,24040883,24660143,Montréal,2466,Montréal,2466023,24663453,Montréal,2440,H3C,Quebec / Québec,24,24040883,RES3D-W4-MC,-73.56971,45.49325,1.57961E+01,1.41314E+02,3.50183E-07,2.02768E+02
1980844-RES3D-W4-LC,1990-2004,W4,LC,Residential-HD,Wood,RES-HD,RES3D,1,SSC-2,24040883,24660143,Montréal,2466,Montréal,2466023,24663453,Montréal,2440,H3C,Quebec / Québec,24,24040883,RES3D-W4-LC,-73.56971,45.49325,2.26338E+01,2.04463E+02,9.00567E-07,1.98699E+02
1980845-RES3F-C2H-LC,1990-2004,C2H,LC,Residential-HD,Concrete,RES-HD,RES3F,1,SSC-2,24040883,24660143,Montréal,2466,Montréal,2466023,24663453,Montréal,2440,H3C,Quebec / Québec,24,24040883,RES3F-C2H-LC,-73.56971,45.49325,2.48673E+01,4.27819E+02,6.96832E-06,2.98630E+02
1980846-COM3-W3-LC,1990-2004,W3,LC,Commercial,Wood,RES-HD,COM3,1,SSC-2,24040883,24660143,Montréal,2466,Montréal,2466023,24663453,Montréal,2440,H3C,Quebec / Québec,24,24040883,COM3-W3-LC,-73.56971,45.49325,1.87848E+01,2.56639E+01,9.76201E-07,6.90405E+01
1980847-COM4-URML-PC,Pre-1973,URML,PC,Commercial,URMasonry,RES-HD,COM4,1,SSC-2,24040883,24660143,Montréal,2466,Montréal,2466023,24663453,Montréal,2440,H3C,Quebec / Québec,24,24040883,COM4-URML-PC,-73.56971,45.49325,1.99617E+02,5.40769E+02,3.47458E-05,2.82774E+02
1980848-COM4-URMM-PC,1973-1989,URMM,PC,Commercial,URMasonry,RES-HD,COM4,1,SSC-2,24040883,24660143,Montréal,2466,Montréal,2466023,24663453,Montréal,2440,H3C,Quebec / Québec,24,24040883,COM4-URMM-PC,-73.56971,45.49325,4.52790E+02,1.16240E+03,1.30772E-04,5.92385E+02
1980849-RES3B-W2-PC,Pre-1973,W2,PC,Residential-MD,Wood,RES-HD,RES3B,1,SSC-2,24040883,24660143,Montréal,2466,Montréal,2466023,24663453,Montréal,2440,H3C,Quebec / Québec,24,24040883,RES3B-W2-PC,-73.56971,45.49325,1.82055E+01,1.91138E+02,6.73422E-07,1.59824E+02
1980850-REL1-W2-LC,1990-2004,W2,LC,Civic,Wood,RES-HD,REL1,1,SSC-2,24040883,24660143,Montréal,2466,Montréal,2466023,24663453,Montréal,2440,H3C,Quebec / Québec,24,24040883,REL1-W2-LC,-73.56971,45.49325,4.92984E+01,1.73741E+02,6.64696E-06,1.53636E+02
1980851-RES3B-W2-LC,1990-2004,W2,LC,Residential-MD,Wood,RES-HD,RES3B,1,SSC-2,24040883,24660143,Montréal,2466,Montréal,2466023,24663453,Montréal,2440,H3C,Quebec / Québec,24,24040883,RES3B-W2-LC,-73.56971,45.49325,2.73083E+01,2.46690E+02,7.47541E-07,2.39736E+02
1980852-COM4-S5M-PC,Pre-1973,S5M,PC,Commercial,Steel,RES-HD,COM4,1,SSC-2,24040883,24660143,Montréal,2466,Montréal,2466023,24663453,Montréal,2440,H3C,Quebec / Québec,24,24040883,COM4-S5M-PC,-73.56971,45.49325,8.85995E+01,1.72096E+02,3.34633E-05,2.72099E+02
1980853-RES3B-URML-PC,1973-1989,URML,PC,Residential-MD,URMasonry,RES-HD,RES3B,1,SSC-2,24040883,24660143,Montréal,2466,Montréal,2466023,24663453,Montréal,2440,H3C,Quebec / Québec,24,24040883,RES3B-URML-PC,-73.56971,45.49325,5.42685E+01,9.23587E+02,7.32102E-06,1.72971E+02
1980854-RES3F-C2H-PC,Pre-1973,C2H,PC,Residential-HD,Concrete,RES-HD,RES3F,1,SSC-2,24040883,24660143,Montréal,2466,Montréal,2466023,24663453,Montréal,2440,H3C,Quebec / Québec,24,24040883,RES3F-C2H-PC,-73.56971,45.49325,2.48673E+01,5.35561E+02,9.10485E-06,3.70172E+02
1980855-COM4-C3L-PC,1973-1989,C3L,PC,Commercial,Concrete,RES-HD,COM4,1,SSC-2,24040883,24660143,Montréal,2466,Montréal,2466023,24663453,Montréal,2440,H3C,Quebec / Québec,24,24040883,COM4-C3L-PC,-73.56971,45.49325,2.69218E+02,4.03309E+02,1.05595E-04,2.73777E+02
1980856-RES3C-W1-LC,1990-2004,W1,LC,Residential-MD,Wood,RES-HD,RES3C,1,SSC-2,24040883,24660143,Montréal,2466,Montréal,2466023,24663453,Montréal,2440,H3C,Quebec / Québec,24,24040883,RES3C-W1-LC,-73.56971,45.49325,1.10467E+01,1.01831E+02,1.46310E-07,6.11730E+01
1980857-RES3B-W2-MC,2005-2016,W2,MC,Residential-MD,Wood,RES-HD,RES3B,1,SSC-2,24040883,24660143,Montréal,2466,Montréal,2466023,24663453,Montréal,2440,H3C,Quebec / Québec,24,24040883,RES3B-W2-MC,-73.56971,45.49325,3.17640E+00,2.84165E+01,4.85132E-08,4.07742E+01
1980858-RES3D-W2-LC,1990-2004,W2,LC,Residential-HD,Wood,RES-HD,RES3D,1,SSC-2,24040883,24660143,Montréal,2466,Montréal,2466023,24663453,Montréal,2440,H3C,Quebec / Québec,24,24040883,RES3D-W2-LC,-73.56971,45.49325,2.26338E+01,2.04463E+02,9.00567E-07,1.98699E+02
1980859-COM5-URML-PC,1973-1989,URML,PC,Commercial,URMasonry,RES-HD,COM5,1,SSC-2,24040883,24660143,Montréal,2466,Montréal,2466023,24663453,Montréal,2440,H3C,Quebec / Québec,24,24040883,COM5-URML-PC,-73.56971,45.49325,5.93705E+01,1.60837E+02,1.76892E-05,8.41034E+01
1980860-RES3C-URML-PC,1973-1989,URML,PC,Residential-MD,URMasonry,RES-HD,RES3C,1,SSC-2,24040883,24660143,Montréal,2466,Montréal,2466023,24663453,Montréal,2440,H3C,Quebec / Québec,24,24040883,RES3C-URML-PC,-73.56971,45.49325,1.63815E+01,2.78794E+02,4.11888E-06,5.22131E+01
1980861-RES3D-W2-LC,Pre-1973,W2,LC,Residential-HD,Wood,RES-HD,RES3D,1,SSC-2,24040883,24660143,Montréal,2466,Montréal,2466023,24663453,Montréal,2440,H3C,Quebec / Québec,24,24040883,RES3D-W2-LC,-73.56971,45.49325,2.26338E+01,2.04463E+02,9.00567E-07,1.98699E+02
1980862-RES3C-W2-MC,2005-2016,W2,MC,Residential-MD,Wood,RES-HD,RES3C,1,SSC-2,24040883,24660143,Montréal,2466,Montréal,2466023,24663453,Montréal,2440,H3C,Quebec / Québec,24,24040883,RES3C-W2-MC,-73.56971,45.49325,3.83532E+00,3.43113E+01,1.08984E-07,4.92325E+01
1980863-RES3D-W2-MC,2005-2016,W2,MC,Residential-HD,Wood,RES-HD,RES3D,1,SSC-2,24040883,24660143,Montréal,2466,Montréal,2466023,24663453,Montréal,2440,H3C,Quebec / Québec,24,24040883,RES3D-W2-MC,-73.56971,45.49325,7.89803E+00,7.06569E+01,1.74921E-07,1.01384E+02
1980864-RES3B-W2-PC,1973-1989,W2,PC,Residential-MD,Wood,RES-HD,RES3B,1,SSC-2,24040883,24660143,Montréal,2466,Montréal,2466023,24663453,Montréal,2440,H3C,Quebec / Québec,24,24040883,RES3B-W2-PC,-73.56971,45.49325,9.10275E+00,9.55691E+01,3.36711E-07,7.99119E+01
1980865-COM1-W3-PC,Pre-1973,W3,PC,Commercial,Wood,RES-HD,COM1,1,SSC-2,24040883,24660143,Montréal,2466,Montréal,2466023,24663453,Montréal,2440,H3C,Quebec / Québec,24,24040883,COM1-W3-PC,-73.56971,45.49325,5.48277E+01,9.02915E+01,1.04428E-05,2.08348E+02
1980866-RES3D-W4-PC,1973-1989,W4,PC,Residential-HD,Wood,RES-HD,RES3D,1,SSC-2,24040883,24660143,Montréal,2466,Montréal,2466023,24663453,Montréal,2440,H3C,Quebec / Québec,24,24040883,RES3D-W4-PC,-73.56971,45.49325,2.26338E+01,2.37630E+02,1.21406E-06,1.98699E+02
1980867-RES3C-W2-LC,1990-2004,W2,LC,Residential-MD,Wood,RES-HD,RES3C,1,SSC-2,24040883,24660143,Montréal,2466,Montréal,2466023,24663453,Montréal,2440,H3C,Quebec / Québec,24,24040883,RES3C-W2-LC,-73.56971,45.49325,1.09910E+01,9.92878E+01,5.61096E-07,9.64889E+01
1980868-RES3D-W2-MC,2005-2016,W2,MC,Residential-HD,Wood,RES-HD,RES3D,1,SSC-2,24040883,24660143,Montréal,2466,Montréal,2466023,24663453,Montréal,2440,H3C,Quebec / Québec,24,24040883,RES3D-W2-MC,-73.56971,45.49325,1.57961E+01,1.41314E+02,3.50183E-07,2.02768E+02
1980869-RES3D-W2-LC,1990-2004,W2,LC,Residential-HD,Wood,RES-HD,RES3D,1,SSC-2,24040883,24660143,Montréal,2466,Montréal,2466023,24663453,Montréal,2440,H3C,Quebec / Québec,24,24040883,RES3D-W2-LC,-73.56971,45.49325,2.26338E+01,2.04463E+02,9.00567E-07,1.98699E+02
1980870-COM4-C2M-LC,1990-2004,C2M,LC,Commercial,Concrete,RES-HD,COM4,1,SSC-2,24040883,24660143,Montréal,2466,Montréal,2466023,24663453,Montréal,2440,H3C,Quebec / Québec,24,24040883,COM4-C2M-LC,-73.56971,45.49325,1.50594E+02,2.47939E+02,5.97154E-05,2.12617E+02
1980871-RES3C-W2-PC,1973-1989,W2,PC,Residential-MD,Wood,RES-HD,RES3C,1,SSC-2,24040883,24660143,Montréal,2466,Montréal,2466023,24663453,Montréal,2440,H3C,Quebec / Québec,24,24040883,RES3C-W2-PC,-73.56971,45.49325,1.09910E+01,1.15394E+02,7.56415E-07,9.64889E+01
1980872-RES3B-W4-LC,1990-2004,W4,LC,Residential-MD,Wood,RES-HD,RES3B,1,SSC-2,24040883,24660143,Montréal,2466,Montréal,2466023,24663453,Montréal,2440,H3C,Quebec / Québec,24,24040883,RES3B-W4-LC,-73.56971,45.49325,9.10275E+00,8.22300E+01,2.49767E-07,7.99119E+01
1980873-RES3B-URML-PC,Pre-1973,URML,PC,Residential-MD,URMasonry,RES-HD,RES3B,1,SSC-2,24040883,24660143,Montréal,2466,Montréal,2466023,24663453,Montréal,2440,H3C,Quebec / Québec,24,24040883,RES3B-URML-PC,-73.56971,45.49325,2.71342E+01,4.61794E+02,3.66697E-06,8.64855E+01
1980874-RES3D-W2-PC,Pre-1973,W2,PC,Residential-HD,Wood,RES-HD,RES3D,1,SSC-2,24040883,24660143,Montréal,2466,Montréal,2466023,24663453,Montréal,2440,H3C,Quebec / Québec,24,24040883,RES3D-W2-PC,-73.56971,45.49325,2.26338E+01,2.37630E+02,1.21406E-06,1.98699E+02
1980875-COM4-S2L-PC,Pre-1973,S2L,PC,Commercial,Steel,RES-HD,COM4,1,SSC-2,24040883,24660143,Montréal,2466,Montréal,2466023,24663453,Montréal,2440,H3C,Quebec / Québec,24,24040883,COM4-S2L-PC,-73.56971,45.49325,1.33931E+02,2.48321E+02,4.32183E-05,1.32157E+02
1980876-COM4-URMM-PC,Pre-1973,URMM,PC,Commercial,URMasonry,RES-HD,COM4,1,SSC-2,24040883,24660143,Montréal,2466,Montréal,2466023,24663453,Montréal,2440,H3C,Quebec / Québec,24,24040883,COM4-URMM-PC,-73.56971,45.49325,4.52790E+02,1.16240E+03,1.30772E-04,5.92385E+02
1980877-RES3C-W2-PC,Pre-1973,W2,PC,Residential-MD,Wood,RES-HD,RES3C,1,SSC-2,24040883,24660143,Montréal,2466,Montréal,2466023,24663453,Montréal,2440,H3C,Quebec / Québec,24,24040883,RES3C-W2-PC,-73.56971,45.49325,2.19821E+01,2.30788E+02,1.51283E-06,1.92978E+02
1980878-RES3C-W4-PC,Pre-1973,W4,PC,Residential-MD,Wood,RES-HD,RES3C,1,SSC-2,24040883,24660143,Montréal,2466,Montréal,2466023,24663453,Montréal,2440,H3C,Quebec / Québec,24,24040883,RES3C-W4-PC,-73.56971,45.49325,1.09910E+01,1.15394E+02,7.56415E-07,9.64889E+01
1928232-RES3B-W1-LC,1990-2004,W1,LC,Residential-MD,Wood,RES-HD,RES3B,1,SSC-2,24038572,24660143,Montréal,2466,Montréal,2466023,24661108,Montréal,2440,H3C,Quebec / Québec,24,24038572,RES3B-W1-LC,-73.56787,45.49171,9.02148E+00,8.32088E+01,6.42142E-08,5.01665E+01
1928233-COM3-RM1L-PC,1973-1989,RM1L,PC,Commercial,RMasonry,RES-HD,COM3,1,SSC-2,24038572,24660143,Montréal,2466,Montréal,2466023,24661108,Montréal,2440,H3C,Quebec / Québec,24,24038572,COM3-RM1L-PC,-73.56787,45.49171,3.72342E+01,5.59536E+01,1.31910E-05,2.92754E+01
1928234-RES3C-W1-LC,1973-1989,W1,LC,Residential-MD,Wood,RES-HD,RES3C,1,SSC-2,24038572,24660143,Montréal,2466,Montréal,2466023,24661108,Montréal,2440,H3C,Quebec / Québec,24,24038572,RES3C-W1-LC,-73.56787,45.49171,3.26787E+01,3.01409E+02,4.32767E-07,1.81719E+02
1928235-COM4-S4L-PC,1973-1989,S4L,PC,Commercial,Steel,RES-HD,COM4,1,SSC-2,24038572,24660143,Montréal,2466,Montréal,2466023,24661108,Montréal,2440,H3C,Quebec / Québec,24,24038572,COM4-S4L-PC,-73.56787,45.49171,1.32735E+02,2.33922E+02,3.74259E-05,1.25346E+02
1928236-COM3-URML-PC,1973-1989,URML,PC,Commercial,URMasonry,RES-HD,COM3,1,SSC-2,24038572,24660143,Montréal,2466,Montréal,2466023,24661108,Montréal,2440,H3C,Quebec / Québec,24,24038572,COM3-URML-PC,-73.56787,45.49171,5.56026E+01,1.50049E+02,1.41285E-05,7.83061E+01
1928237-RES3F-C2H-PC,1973-1989,C2H,PC,Residential-HD,Concrete,RES-HD,RES3F,1,SSC-2,24038572,24660143,Montréal,2466,Montréal,2466023,24661108,Montréal,2440,H3C,Quebec / Québec,24,24038572,RES3F-C2H-PC,-73.56787,45.49171,2.50665E+01,5.37299E+02,9.10223E-06,3.69696E+02
1928238-COM7-W3-PC,1973-1989,W3,PC,Commercial,Wood,RES-HD,COM7,1,SSC-2,24038572,24660143,Montréal,2466,Montréal,2466023,24661108,Montréal,2440,H3C,Quebec / Québec,24,24038572,COM7-W3-PC,-73.56787,45.49171,1.09849E+02,1.79315E+02,2.59216E-06,4.19013E+02
1928239-COM3-C3L-PC,Pre-1973,C3L,PC,Commercial,Concrete,RES-HD,COM3,1,SSC-2,24038572,24660143,Montréal,2466,Montréal,2466023,24661108,Montréal,2440,H3C,Quebec / Québec,24,24038572,COM3-C3L-PC,-73.56787,45.49171,1.86171E+01,2.78036E+01,1.07297E-05,1.89448E+01
1928240-RES3E-W2-PC,1973-1989,W2,PC,Residential-HD,Wood,RES-HD,RES3E,1,SSC-2,24038572,24660143,Montréal,2466,Montréal,2466023,24661108,Montréal,2440,H3C,Quebec / Québec,24,24038572,RES3E-W2-PC,-73.56787,45.49171,5.26828E+01,5.53197E+02,2.25324E-06,4.61702E+02
1928241-RES3C-W4-PC,Pre-1973,W4,PC,Residential-MD,Wood,RES-HD,RES3C,1,SSC-2,24038572,24660143,Montréal,2466,Montréal,2466023,24661108,Montréal,2440,H3C,Quebec / Québec,24,24038572,RES3C-W4-PC,-73.56787,45.49171,1.09175E+01,1.14640E+02,7.45626E-07,9.56790E+01
1928242-RES3B-URML-PC,1973-1989,URML,PC,Residential-MD,URMasonry,RES-HD,RES3B,1,SSC-2,24038572,24660143,Montréal,2466,Montréal,2466023,24661108,Montréal,2440,H3C,Quebec / Québec,24,24038572,RES3B-URML-PC,-73.56787,45.49171,6.73597E+01,1.14197E+03,9.02439E-06,2.13444E+02
1928243-RES3B-W1-LC,1973-1989,W1,LC,Residential-MD,Wood,RES-HD,RES3B,1,SSC-2,24038572,24660143,Montréal,2466,Montréal,2466023,24661108,Montréal,2440,H3C,Quebec / Québec,24,24038572,RES3B-W1-LC,-73.56787,45.49171,9.02148E+00,8.32088E+01,6.42142E-08,5.01665E+01
1928244-RES3C-W2-PC,Pre-1973,W2,PC,Residential-MD,Wood,RES-HD,RES3C,1,SSC-2,24038572,24660143,Montréal,2466,Montréal,2466023,24661108,Montréal,2440,H3C,Quebec / Québec,24,24038572,RES3C-W2-PC,-73.56787,45.49171,1.09175E+01,1.14640E+02,7.45626E-07,9.56790E+01
1928245-RES3B-W4-PC,1973-1989,W4,PC,Residential-MD,Wood,RES-HD,RES3B,1,SSC-2,24038572,24660143,Montréal,2466,Montréal,2466023,24661108,Montréal,2440,H3C,Quebec / Québec,24,24038572,RES3B-W4-PC,-73.56787,45.49171,1.80837E+01,1.89888E+02,6.63818E-07,1.58482E+02
1928246-RES3E-W4-LC,1990-2004,W4,LC,Residential-HD,Wood,RES-HD,RES3E,1,SSC-2,24038572,24660143,Montréal,2466,Montréal,2466023,24661108,Montréal,2440,H3C,Quebec / Québec,24,24038572,RES3E-W4-LC,-73.56787,45.49171,5.26828E+01,4.75813E+02,1.67152E-06,4.61702E+02
1928247-RES3C-W1-LC,Pre-1973,W1,LC,Residential-MD,Wood,RES-HD,RES3C,1,SSC-2,24038572,24660143,Montréal,2466,Montréal,2466023,24661108,Montréal,2440,H3C,Quebec / Québec,24,24038572,RES3C-W1-LC,-73.56787,45.49171,1.08929E+01,1.00470E+02,1.44256E-07,6.05731E+01
1928248-IND1-C2L-PC,1973-1989,C2L,PC,Industrial,Concrete,RES-HD,IND1,1,SSC-2,24038572,24660143,Montréal,2466,Montréal,2466023,24661108,Montréal,2440,H3C,Quebec / Québec,24,24038572,IND1-C2L-PC,-73.56787,45.49171,4.94798E+02,8.55720E+02,3.77026E-05,3.08595E+02
1928249-IND2-URML-PC,1973-1989,URML,PC,Industrial,URMasonry,RES-HD,IND2,1,SSC-2,24038572,24660143,Montréal,2466,Montréal,2466023,24661108,Montréal,2440,H3C,Quebec / Québec,24,24038572,IND2-URML-PC,-73.56787,45.49171,1.15477E+02,3.44265E+02,2.14600E-05,1.08419E+02
1928250-RES3D-W4-PC,1973-1989,W4,PC,Residential-HD,Wood,RES-HD,RES3D,1,SSC-2,24038572,24660143,Montréal,2466,Montréal,2466023,24661108,Montréal,2440,H3C,Quebec / Québec,24,24038572,RES3D-W4-PC,-73.56787,45.49171,2.24823E+01,2.36076E+02,1.19674E-06,1.97031E+02
1928251-RES3C-W4-PC,1973-1989,W4,PC,Residential-MD,Wood,RES-HD,RES3C,1,SSC-2,24038572,24660143,Montréal,2466,Montréal,2466023,24661108,Montréal,2440,H3C,Quebec / Québec,24,24038572,RES3C-W4-PC,-73.56787,45.49171,1.09175E+01,1.14640E+02,7.45626E-07,9.56790E+01
1928252-RES3B-W2-PC,Pre-1973,W2,PC,Residential-MD,Wood,RES-HD,RES3B,1,SSC-2,24038572,24660143,Montréal,2466,Montréal,2466023,24661108,Montréal,2440,H3C,Quebec / Québec,24,24038572,RES3B-W2-PC,-73.56787,45.49171,9.04184E+00,9.49442E+01,3.31909E-07,7.92411E+01
1928253-COM7-S4M-PC,1973-1989,S4M,PC,Commercial,Steel,RES-HD,COM7,1,SSC-2,24038572,24660143,Montréal,2466,Montréal,2466023,24661108,Montréal,2440,H3C,Quebec / Québec,24,24038572,COM7-S4M-PC,-73.56787,45.49171,1.35699E+02,3.51167E+02,2.47790E-05,4.08034E+02
1928254-COM4-URMM-PC,1973-1989,URMM,PC,Commercial,URMasonry,RES-HD,COM4,1,SSC-2,24038572,24660143,Montréal,2466,Montréal,2466023,24661108,Montréal,2440,H3C,Quebec / Québec,24,24038572,COM4-URMM-PC,-73.56787,45.49171,4.49308E+02,1.14937E+03,1.30640E-04,5.84590E+02
1928255-RES3B-W2-PC,1973-1989,W2,PC,Residential-MD,Wood,RES-HD,RES3B,1,SSC-2,24038572,24660143,Montréal,2466,Montréal,2466023,24661108,Montréal,2440,H3C,Quebec / Québec,24,24038572,RES3B-W2-PC,-73.56787,45.49171,1.80837E+01,1.89888E+02,6.63818E-07,1.58482E+02
1928256-RES3F-W2-PC,1973-1989,W2,PC,Residential-HD,Wood,RES-HD,RES3F,1,SSC-2,24038572,24660143,Montréal,2466,Montréal,2466023,24661108,Montréal,2440,H3C,Quebec / Québec,24,24038572,RES3F-W2-PC,-73.56787,45.49171,1.93073E+02,2.02737E+03,7.74843E-06,1.69205E+03
1928257-RES3E-C2M-PC,1973-1989,C2M,PC,Residential-HD,Concrete,RES-HD,RES3E,1,SSC-2,24038572,24660143,Montréal,2466,Montréal,2466023,24661108,Montréal,2440,H3C,Quebec / Québec,24,24038572,RES3E-C2M-PC,-73.56787,45.49171,2.40102E+01,2.80029E+02,4.60017E-06,8.26344E+01
1928258-RES3C-C2M-PC,1973-1989,C2M,PC,Residential-MD,Concrete,RES-HD,RES3C,1,SSC-2,24038572,24660143,Montréal,2466,Montréal,2466023,24661108,Montréal,2440,H3C,Quebec / Québec,24,24038572,RES3C-C2M-PC,-73.56787,45.49171,4.97566E+00,5.80307E+01,1.52225E-06,1.71244E+01
1928259-RES3C-S2L-PC,1973-1989,S2L,PC,Residential-MD,Steel,RES-HD,RES3C,1,SSC-2,24038572,24660143,Montréal,2466,Montréal,2466023,24661108,Montréal,2440,H3C,Quebec / Québec,24,24038572,RES3C-S2L-PC,-73.56787,45.49171,1.09175E+01,1.26924E+02,5.05266E-06,2.42347E+01
1928260-RES3C-W2-PC,1973-1989,W2,PC,Residential-MD,Wood,RES-HD,RES3C,1,SSC-2,24038572,24660143,Montréal,2466,Montréal,2466023,24661108,Montréal,2440,H3C,Quebec / Québec,24,24038572,RES3C-W2-PC,-73.56787,45.49171,2.18350E+01,2.29279E+02,1.49125E-06,1.91358E+02
1928261-RES3D-W2-PC,1973-1989,W2,PC,Residential-HD,Wood,RES-HD,RES3D,1,SSC-2,24038572,24660143,Montréal,2466,Montréal,2466023,24661108,Montréal,2440,H3C,Quebec / Québec,24,24038572,RES3D-W2-PC,-73.56787,45.49171,8.99292E+01,9.44305E+02,4.78930E-06,7.88124E+02
1980667-COM3-S4L-PC,1973-1989,S4L,PC,Commercial,Steel,RES-HD,COM3,1,SSC-2,24040878,24660143,Montréal,2466,Montréal,2466023,24663444,Montréal,2440,H3C,Quebec / Québec,24,24040878,COM3-S4L-PC,-73.56637,45.49290,1.85005E+01,3.25356E+01,7.67042E-06,1.74741E+01
1980668-RES3E-C2H-PC,1973-1989,C2H,PC,Residential-HD,Concrete,RES-HD,RES3E,1,SSC-2,24040878,24660143,Montréal,2466,Montréal,2466023,24663444,Montréal,2440,H3C,Quebec / Québec,24,24040878,RES3E-C2H-PC,-73.56637,45.49290,6.72807E+00,1.45322E+02,2.63005E-06,1.00632E+02
1980669-RES3B-URML-PC,1973-1989,URML,PC,Residential-MD,URMasonry,RES-HD,RES3B,1,SSC-2,24040878,24660143,Montréal,2466,Montréal,2466023,24663444,Montréal,2440,H3C,Quebec / Québec,24,24040878,RES3B-URML-PC,-73.56637,45.49290,1.34389E+01,2.27385E+02,1.79464E-06,4.24556E+01
1980670-RES3C-W4-PC,1973-1989,W4,PC,Residential-MD,Wood,RES-HD,RES3C,1,SSC-2,24040878,24660143,Montréal,2466,Montréal,2466023,24663444,Montréal,2440,H3C,Quebec / Québec,24,24040878,RES3C-W4-PC,-73.56637,45.49290,2.16608E+01,2.27517E+02,1.48099E-06,1.90717E+02
1980671-COM4-URMM-PC,1973-1989,URMM,PC,Commercial,URMasonry,RES-HD,COM4,1,SSC-2,24040878,24660143,Montréal,2466,Montréal,2466023,24663444,Montréal,2440,H3C,Quebec / Québec,24,24040878,COM4-URMM-PC,-73.56637,45.49290,8.96128E+02,2.28809E+03,2.59028E-04,1.16251E+03
1980672-RES3B-C2L-LC,1990-2004,C2L,LC,Residential-MD,Concrete,RES-HD,RES3B,1,SSC-2,24040878,24660143,Montréal,2466,Montréal,2466023,24663444,Montréal,2440,H3C,Quebec / Québec,24,24040878,RES3B-C2L-LC,-73.56637,45.49290,8.96497E+00,9.15513E+01,2.10912E-06,1.44366E+01
1980673-COM4-URML-PC,1973-1989,URML,PC,Commercial,URMasonry,RES-HD,COM4,1,SSC-2,24040878,24660143,Montréal,2466,Montréal,2466023,24663444,Montréal,2440,H3C,Quebec / Québec,24,24040878,COM4-URML-PC,-73.56637,45.49290,1.97731E+02,5.32543E+02,3.40097E-05,2.77627E+02
1980674-COM3-C3L-PC,1973-1989,C3L,PC,Commercial,Concrete,RES-HD,COM3,1,SSC-2,24040878,24660143,Montréal,2466,Montréal,2466023,24663444,Montréal,2440,H3C,Quebec / Québec,24,24040878,COM3-C3L-PC,-73.56637,45.49290,1.85005E+01,2.76404E+01,1.06578E-05,1.88335E+01
1980675-COM2-S4M-LC,1990-2004,S4M,LC,Commercial,Steel,RES-HD,COM2,1,SSC-2,24040878,24660143,Montréal,2466,Montréal,2466023,24663444,Montréal,2440,H3C,Quebec / Québec,24,24040878,COM2-S4M-LC,-73.56637,45.49290,2.07036E+01,4.43708E+01,1.11500E-05,5.30914E+01
1980676-RES3E-W2-PC,1973-1989,W2,PC,Residential-HD,Wood,RES-HD,RES3E,1,SSC-2,24040878,24660143,Montréal,2466,Montréal,2466023,24663444,Montréal,2440,H3C,Quebec / Québec,24,24040878,RES3E-W2-PC,-73.56637,45.49290,1.04525E+02,1.09789E+03,4.47779E-06,9.20311E+02
1980677-RES3C-W2-PC,1973-1989,W2,PC,Residential-MD,Wood,RES-HD,RES3C,1,SSC-2,24040878,24660143,Montréal,2466,Montréal,2466023,24663444,Montréal,2440,H3C,Quebec / Québec,24,24040878,RES3C-W2-PC,-73.56637,45.49290,2.16608E+01,2.27517E+02,1.48099E-06,1.90717E+02
1980794-COM4-RM1L-LC,1990-2004,RM1L,LC,Commercial,RMasonry,RES-MD,COM4,1,SSC-2,24040882,24660143,Montréal,2466,Montréal,2466023,24663452,Montréal,2440,H3C,Quebec / Québec,24,24040882,COM4-RM1L-LC,-73.56415,45.49705,1.12397E+02,1.57088E+02,2.20096E-05,7.22450E+01
1980795-COM4-S4L-PC,Pre-1973,S4L,PC,Commercial,Steel,RES-MD,COM4,1,SSC-2,24040882,24660143,Montréal,2466,Montréal,2466023,24663452,Montréal,2440,H3C,Quebec / Québec,24,24040882,COM4-S4L-PC,-73.56415,45.49705,1.12397E+02,1.98354E+02,3.17477E-05,1.06112E+02
1980796-COM3-RM1L-LC,1990-2004,RM1L,LC,Commercial,RMasonry,RES-MD,COM3,1,SSC-2,24040882,24660143,Montréal,2466,Montréal,2466023,24663452,Montréal,2440,H3C,Quebec / Québec,24,24040882,COM3-RM1L-LC,-73.56415,45.49705,3.15291E+01,4.38665E+01,9.07866E-06,2.02658E+01
1980797-RES3E-W2-MC,2005-2016,W2,MC,Residential-HD,Wood,RES-MD,RES3E,1,SSC-2,24040882,24660143,Montréal,2466,Montréal,2466023,24663452,Montréal,2440,H3C,Quebec / Québec,24,24040882,RES3E-W2-MC,-73.56415,45.49705,5.78081E+01,5.17084E+02,1.06879E-06,8.03680E+02
1980798-COM4-S5L-PC,1973-1989,S5L,PC,Commercial,Steel,RES-MD,COM4,1,SSC-2,24040882,24660143,Montréal,2466,Montréal,2466023,24663452,Montréal,2440,H3C,Quebec / Québec,24,24040882,COM4-S5L-PC,-73.56415,45.49705,1.12397E+02,1.55766E+02,2.16282E-05,1.12064E+02
1980799-GOV1-W2-LC,1990-2004,W2,LC,Civic,Wood,RES-MD,GOV1,1,SSC-2,24040882,24660143,Montréal,2466,Montréal,2466023,24663452,Montréal,2440,H3C,Quebec / Québec,24,24040882,GOV1-W2-LC,-73.56415,45.49705,8.68309E+01,3.31976E+02,1.26499E-05,3.29475E+02
1980800-RES3E-W2-PC,1973-1989,W2,PC,Residential-HD,Wood,RES-MD,RES3E,1,SSC-2,24040882,24660143,Montréal,2466,Montréal,2466023,24663452,Montréal,2440,H3C,Quebec / Québec,24,24040882,RES3E-W2-PC,-73.56415,45.49705,4.21013E+01,4.42876E+02,1.89961E-06,3.93265E+02
1980801-IND1-URML-PC,1973-1989,URML,PC,Industrial,URMasonry,RES-MD,IND1,1,SSC-2,24040882,24660143,Montréal,2466,Montréal,2466023,24663452,Montréal,2440,H3C,Quebec / Québec,24,24040882,IND1-URML-PC,-73.56415,45.49705,3.15869E+02,9.38412E+02,1.16600E-05,2.94905E+02
1980802-COM4-PC1-LC,1990-2004,PC1,LC,Commercial,Precast,RES-MD,COM4,1,SSC-2,24040882,24660143,Montréal,2466,Montréal,2466023,24663452,Montréal,2440,H3C,Quebec / Québec,24,24040882,COM4-PC1-LC,-73.56415,45.49705,1.12397E+02,1.64925E+02,4.32443E-05,9.43700E+01
1980803-COM4-URML-PC,1973-1989,URML,PC,Commercial,URMasonry,RES-MD,COM4,1,SSC-2,24040882,24660143,Montréal,2466,Montréal,2466023,24663452,Montréal,2440,H3C,Quebec / Québec,24,24040882,COM4-URML-PC,-73.56415,45.49705,6.77886E+02,1.82298E+03,1.15484E-04,9.49343E+02
1980804-COM3-URML-PC,1973-1989,URML,PC,Commercial,URMasonry,RES-MD,COM3,1,SSC-2,24040882,24660143,Montréal,2466,Montréal,2466023,24663452,Montréal,2440,H3C,Quebec / Québec,24,24040882,COM3-URML-PC,-73.56415,45.49705,1.18848E+02,3.19608E+02,2.97668E-05,1.66440E+02
1980805-COM1-W3-MC,2005-2016,W3,MC,Commercial,Wood,RES-MD,COM1,1,SSC-2,24040882,24660143,Montréal,2466,Montréal,2466023,24663452,Montréal,2440,H3C,Quebec / Québec,24,24040882,COM1-W3-MC,-73.56415,45.49705,1.49398E+01,2.01733E+01,1.22037E-06,8.86867E+01
1980806-COM2-C3H-PC,1973-1989,C3H,PC,Commercial,Concrete,RES-MD,COM2,1,SSC-2,24040882,24660143,Montréal,2466,Montréal,2466023,24663452,Montréal,2440,H3C,Quebec / Québec,24,24040882,COM2-C3H-PC,-73.56415,45.49705,7.40099E+00,2.15986E+01,1.96605E-05,6.32395E+01
1980807-GOV1-W2-MC,2005-2016,W2,MC,Civic,Wood,RES-MD,GOV1,1,SSC-2,24040882,24660143,Montréal,2466,Montréal,2466023,24663452,Montréal,2440,H3C,Quebec / Québec,24,24040882,GOV1-W2-MC,-73.56415,45.49705,5.96125E+01,2.25252E+02,4.80944E-06,3.16735E+02
1980808-REL1-W2-MC,2005-2016,W2,MC,Civic,Wood,RES-MD,REL1,1,SSC-2,24040882,24660143,Montréal,2466,Montréal,2466023,24663452,Montréal,2440,H3C,Quebec / Québec,24,24040882,REL1-W2-MC,-73.56415,45.49705,2.68662E+01,9.45353E+01,2.09436E-06,1.21696E+02
1980809-COM4-W3-LC,1990-2004,W3,LC,Commercial,Wood,RES-MD,COM4,1,SSC-2,24040882,24660143,Montréal,2466,Montréal,2466023,24663452,Montréal,2440,H3C,Quebec / Québec,24,24040882,COM4-W3-LC,-73.56415,45.49705,3.18944E+02,4.37940E+02,1.17695E-05,1.29944E+03
1980810-COM3-W3-LC,1990-2004,W3,LC,Commercial,Wood,RES-MD,COM3,1,SSC-2,24040882,24660143,Montréal,2466,Montréal,2466023,24663452,Montréal,2440,H3C,Quebec / Québec,24,24040882,COM3-W3-LC,-73.56415,45.49705,1.49114E+01,2.03669E+01,8.09024E-07,5.82756E+01
1980811-COM4-URMM-PC,1973-1989,URMM,PC,Commercial,URMasonry,RES-MD,COM4,1,SSC-2,24040882,24660143,Montréal,2466,Montréal,2466023,24663452,Montréal,2440,H3C,Quebec / Québec,24,24040882,COM4-URMM-PC,-73.56415,45.49705,3.84015E+02,9.78597E+02,9.98241E-05,4.96529E+02
1980812-RES3E-URMM-PC,1973-1989,URMM,PC,Residential-HD,URMasonry,RES-MD,RES3E,1,SSC-2,24040882,24660143,Montréal,2466,Montréal,2466023,24663452,Montréal,2440,H3C,Quebec / Québec,24,24040882,RES3E-URMM-PC,-73.56415,45.49705,6.18046E+01,9.89446E+02,7.33799E-06,1.79804E+02
1980813-IND2-C2L-MC,2005-2016,C2L,MC,Industrial,Concrete,RES-MD,IND2,1,SSC-2,24040882,24660143,Montréal,2466,Montréal,2466023,24663452,Montréal,2440,H3C,Quebec / Québec,24,24040882,IND2-C2L-MC,-73.56415,45.49705,2.22462E+01,3.48902E+01,3.89722E-06,1.56241E+01
1980814-COM4-C2L-MC,2005-2016,C2L,MC,Commercial,Concrete,RES-MD,COM4,1,SSC-2,24040882,24660143,Montréal,2466,Montréal,2466023,24663452,Montréal,2440,H3C,Quebec / Québec,24,24040882,COM4-C2L-MC,-73.56415,45.49705,3.81856E+01,6.10894E+01,6.22029E-06,4.02282E+01
1980815-GOV1-URML-PC,1973-1989,URML,PC,Civic,URMasonry,RES-MD,GOV1,1,SSC-2,24040882,24660143,Montréal,2466,Montréal,2466023,24663452,Montréal,2440,H3C,Quebec / Québec,24,24040882,GOV1-URML-PC,-73.56415,45.49705,1.38413E+02,1.03929E+03,9.30869E-05,1.93841E+02
1980816-COM1-RM1L-LC,1990-2004,RM1L,LC,Commercial,RMasonry,RES-MD,COM1,1,SSC-2,24040882,24660143,Montréal,2466,Montréal,2466023,24663452,Montréal,2440,H3C,Quebec / Québec,24,24040882,COM1-RM1L-LC,-73.56415,45.49705,4.60123E+01,6.39298E+01,3.60202E-05,2.95751E+01
1980817-COM4-S4L-LC,1990-2004,S4L,LC,Commercial,Steel,RES-MD,COM4,1,SSC-2,24040882,24660143,Montréal,2466,Montréal,2466023,24663452,Montréal,2440,H3C,Quebec / Québec,24,24040882,COM4-S4L-LC,-73.56415,45.49705,1.12397E+02,1.82174E+02,2.59813E-05,8.85021E+01
1980818-COM2-C3M-PC,1973-1989,C3M,PC,Commercial,Concrete,RES-MD,COM2,1,SSC-2,24040882,24660143,Montréal,2466,Montréal,2466023,24663452,Montréal,2440,H3C,Quebec / Québec,24,24040882,COM2-C3M-PC,-73.56415,45.49705,5.64629E+01,7.96831E+01,4.45177E-05,1.14136E+02
1980819-COM2-S3-LC,1990-2004,S3,LC,Commercial,Steel,RES-MD,COM2,1,SSC-2,24040882,24660143,Montréal,2466,Montréal,2466023,24663452,Montréal,2440,H3C,Quebec / Québec,24,24040882,COM2-S3-LC,-73.56415,45.49705,6.25053E+01,1.24533E+02,1.36017E-05,9.34677E+01
1980820-GOV2-W2-LC,1990-2004,W2,LC,Civic,Wood,RES-MD,GOV2,1,SSC-2,24040882,24660143,Montréal,2466,Montréal,2466023,24663452,Montréal,2440,H3C,Quebec / Québec,24,24040882,GOV2-W2-LC,-73.56415,45.49705,6.77931E+01,1.72052E+02,1.27549E-06,1.80115E+02
1980821-GOV1-W2-PC,Pre-1973,W2,PC,Civic,Wood,RES-MD,GOV1,1,SSC-2,24040882,24660143,Montréal,2466,Montréal,2466023,24663452,Montréal,2440,H3C,Quebec / Québec,24,24040882,GOV1-W2-PC,-73.56415,45.49705,8.68309E+01,3.99937E+02,1.71004E-05,3.29475E+02
1980822-COM4-C3L-PC,1973-1989,C3L,PC,Commercial,Concrete,RES-MD,COM4,1,SSC-2,24040882,24660143,Montréal,2466,Montréal,2466023,24663452,Montréal,2440,H3C,Quebec / Québec,24,24040882,COM4-C3L-PC,-73.56415,45.49705,5.61987E+02,8.42622E+02,2.20160E-04,5.72092E+02
1980823-COM4-S4L-MC,2005-2016,S4L,MC,Commercial,Steel,RES-MD,COM4,1,SSC-2,24040882,24660143,Montréal,2466,Montréal,2466023,24663452,Montréal,2440,H3C,Quebec / Québec,24,24040882,COM4-S4L-MC,-73.56415,45.49705,3.81856E+01,6.42649E+01,6.38152E-06,4.13028E+01
1980824-COM3-C3L-PC,1973-1989,C3L,PC,Commercial,Concrete,RES-MD,COM3,1,SSC-2,24040882,24660143,Montréal,2466,Montréal,2466023,24663452,Montréal,2440,H3C,Quebec / Québec,24,24040882,COM3-C3L-PC,-73.56415,45.49705,1.57645E+01,2.35480E+01,9.07996E-06,1.60480E+01
1980825-RES3E-W4-MC,2005-2016,W4,MC,Residential-HD,Wood,RES-MD,RES3E,1,SSC-2,24040882,24660143,Montréal,2466,Montréal,2466023,24663452,Montréal,2440,H3C,Quebec / Québec,24,24040882,RES3E-W4-MC,-73.56415,45.49705,2.89040E+01,2.58542E+02,5.34536E-07,4.01840E+02
1980826-COM4-W3-MC,2005-2016,W3,MC,Commercial,Wood,RES-MD,COM4,1,SSC-2,24040882,24660143,Montréal,2466,Montréal,2466023,24663452,Montréal,2440,H3C,Quebec / Québec,24,24040882,COM4-W3-MC,-73.56415,45.49705,7.29888E+01,9.90566E+01,1.49166E-06,4.38769E+02
1980827-GOV2-W2-MC,2005-2016,W2,MC,Civic,Wood,RES-MD,GOV2,1,SSC-2,24040882,24660143,Montréal,2466,Montréal,2466023,24663452,Montréal,2440,H3C,Quebec / Québec,24,24040882,GOV2-W2-MC,-73.56415,45.49705,2.32712E+01,5.82226E+01,2.42467E-07,8.99547E+01
1980828-IND1-C2L-MC,2005-2016,C2L,MC,Industrial,Concrete,RES-MD,IND1,1,SSC-2,24040882,24660143,Montréal,2466,Montréal,2466023,24663452,Montréal,2440,H3C,Quebec / Québec,24,24040882,IND1-C2L-MC,-73.56415,45.49705,1.42344E+02,2.23248E+02,5.02755E-06,9.99723E+01
1980829-COM4-S1L-MC,2005-2016,S1L,MC,Commercial,Steel,RES-MD,COM4,1,SSC-2,24040882,24660143,Montréal,2466,Montréal,2466023,24663452,Montréal,2440,H3C,Quebec / Québec,24,24040882,COM4-S1L-MC,-73.56415,45.49705,4.30526E+01,1.07043E+02,7.57904E-06,7.76155E+01
1980830-RES3E-W2-LC,1990-2004,W2,LC,Residential-HD,Wood,RES-MD,RES3E,1,SSC-2,24040882,24660143,Montréal,2466,Montréal,2466023,24663452,Montréal,2440,H3C,Quebec / Québec,24,24040882,RES3E-W2-LC,-73.56415,45.49705,4.21013E+01,3.80274E+02,1.40522E-06,3.93265E+02
1980831-COM4-C2L-LC,1990-2004,C2L,LC,Commercial,Concrete,RES-MD,COM4,1,SSC-2,24040882,24660143,Montréal,2466,Montréal,2466023,24663452,Montréal,2440,H3C,Quebec / Québec,24,24040882,COM4-C2L-LC,-73.56415,45.49705,1.12397E+02,1.79017E+02,3.40284E-05,8.02706E+01
1980832-COM4-S1L-LC,1990-2004,S1L,LC,Commercial,Steel,RES-MD,COM4,1,SSC-2,24040882,24660143,Montréal,2466,Montréal,2466023,24663452,Montréal,2440,H3C,Quebec / Québec,24,24040882,COM4-S1L-LC,-73.56415,45.49705,1.31709E+02,3.09015E+02,2.39352E-05,1.77762E+02
1980833-COM4-S2L-MC,2005-2016,S2L,MC,Commercial,Steel,RES-MD,COM4,1,SSC-2,24040882,24660143,Montréal,2466,Montréal,2466023,24663452,Montréal,2440,H3C,Quebec / Québec,24,24040882,COM4-S2L-MC,-73.56415,45.49705,3.64944E+01,5.74000E+01,5.57155E-06,3.47665E+01
1980834-COM3-C2L-LC,1990-2004,C2L,LC,Commercial,Concrete,RES-MD,COM3,1,SSC-2,24040882,24660143,Montréal,2466,Montréal,2466023,24663452,Montréal,2440,H3C,Quebec / Québec,24,24040882,COM3-C2L-LC,-73.56415,45.49705,1.57645E+01,2.50237E+01,7.01813E-06,1.12585E+01
1980835-COM2-S3-MC,2005-2016,S3,MC,Commercial,Steel,RES-MD,COM2,1,SSC-2,24040882,24660143,Montréal,2466,Montréal,2466023,24663452,Montréal,2440,H3C,Quebec / Québec,24,24040882,COM2-S3-MC,-73.56415,45.49705,2.14561E+01,4.95256E+01,3.58197E-06,5.19367E+01
1980836-COM4-RM1L-MC,2005-2016,RM1L,MC,Commercial,RMasonry,RES-MD,COM4,1,SSC-2,24040882,24660143,Montréal,2466,Montréal,2466023,24663452,Montréal,2440,H3C,Quebec / Québec,24,24040882,COM4-RM1L-MC,-73.56415,45.49705,1.52742E+02,2.09037E+02,1.82864E-05,1.54307E+02
1980837-COM3-RM1L-MC,2005-2016,RM1L,MC,Commercial,RMasonry,RES-MD,COM3,1,SSC-2,24040882,24660143,Montréal,2466,Montréal,2466023,24663452,Montréal,2440,H3C,Quebec / Québec,24,24040882,COM3-RM1L-MC,-73.56415,45.49705,1.07116E+01,1.45685E+01,1.88537E-06,1.08213E+01
1980838-REL1-RM1L-MC,2005-2016,RM1L,MC,Civic,RMasonry,RES-MD,REL1,1,SSC-2,24040882,24660143,Montréal,2466,Montréal,2466023,24663452,Montréal,2440,H3C,Quebec / Québec,24,24040882,REL1-RM1L-MC,-73.56415,45.49705,1.40556E+01,4.96729E+01,6.41876E-06,1.27796E+01
1980839-RES4-W3-MC,2005-2016,W3,MC,Residential-HD,Wood,RES-MD,RES4,1,SSC-2,24040882,24660143,Montréal,2466,Montréal,2466023,24663452,Montréal,2440,H3C,Quebec / Québec,24,24040882,RES4-W3-MC,-73.56415,45.49705,1.86694E+01,1.66983E+02,5.67788E-07,2.08493E+02
1980840-COM4-C2H-MC,2005-2016,C2H,MC,Commercial,Concrete,RES-MD,COM4,1,SSC-2,24040882,24660143,Montréal,2466,Montréal,2466023,24663452,Montréal,2440,H3C,Quebec / Québec,24,24040882,COM4-C2H-MC,-73.56415,45.49705,7.65107E+01,2.77931E+02,2.07256E-05,9.68252E+02
1980841-IND6-C3L-PC,1973-1989,C3L,PC,Industrial,Concrete,RES-MD,IND6,1,SSC-2,24040882,24660143,Montréal,2466,Montréal,2466023,24663452,Montréal,2440,H3C,Quebec / Québec,24,24040882,IND6-C3L-PC,-73.56415,45.49705,7.97888E+01,1.56041E+02,4.55470E-05,7.31012E+01
1980555-COM4-C3L-PC,1973-1989,C3L,PC,Commercial,Concrete,RES-HD,COM4,1,SSC-2,24040876,24660143,Montréal,2466,Montréal,2466023,24663442,Montréal,2440,H3C,Quebec / Québec,24,24040876,COM4-C3L-PC,-73.55647,45.49792,4.02746E+02,6.03704E+02,1.57790E-04,4.09909E+02
1980556-RES3E-S2M-MC,2005-2016,S2M,MC,Residential-HD,Steel,RES-HD,RES3E,1,SSC-2,24040876,24660143,Montréal,2466,Montréal,2466023,24663442,Montréal,2440,H3C,Quebec / Québec,24,24040876,RES3E-S2M-MC,-73.55647,45.49792,4.31888E+00,8.06184E+01,9.07376E-07,5.30892E+01
1980557-RES3E-W4-MC,2005-2016,W4,MC,Residential-HD,Wood,RES-HD,RES3E,1,SSC-2,24040876,24660143,Montréal,2466,Montréal,2466023,24663442,Montréal,2440,H3C,Quebec / Québec,24,24040876,RES3E-W4-MC,-73.55647,45.49792,3.72144E+01,3.32830E+02,6.44587E-07,4.79045E+02
1980558-COM4-PC2M-PC,1973-1989,PC2M,PC,Commercial,Precast,RES-HD,COM4,1,SSC-2,24040876,24660143,Montréal,2466,Montréal,2466023,24663442,Montréal,2440,H3C,Quebec / Québec,24,24040876,COM4-PC2M-PC,-73.55647,45.49792,1.51520E+02,2.96386E+02,1.09925E-04,3.03486E+02
1980559-COM1-URMM-PC,1973-1989,URMM,PC,Commercial,URMasonry,RES-HD,COM1,1,SSC-2,24040876,24660143,Montréal,2466,Montréal,2466023,24663442,Montréal,2440,H3C,Quebec / Québec,24,24040876,COM1-URMM-PC,-73.55647,45.49792,7.59561E+01,1.93987E+02,4.49274E-05,9.85620E+01
1980560-RES3D-W2-LC,1990-2004,W2,LC,Residential-HD,Wood,RES-HD,RES3D,1,SSC-2,24040876,24660143,Montréal,2466,Montréal,2466023,24663442,Montréal,2440,H3C,Quebec / Québec,24,24040876,RES3D-W2-LC,-73.55647,45.49792,2.28117E+01,2.06108E+02,8.93556E-07,2.00196E+02
1980561-COM4-C3M-PC,1973-1989,C3M,PC,Commercial,Concrete,RES-HD,COM4,1,SSC-2,24040876,24660143,Montréal,2466,Montréal,2466023,24663442,Montréal,2440,H3C,Quebec / Québec,24,24040876,COM4-C3M-PC,-73.55647,45.49792,1.51520E+02,2.13499E+02,9.49065E-05,3.03477E+02
1980562-COM3-RM1L-MC,2005-2016,RM1L,MC,Commercial,RMasonry,RES-HD,COM3,1,SSC-2,24040876,24660143,Montréal,2466,Montréal,2466023,24663442,Montréal,2440,H3C,Quebec / Québec,24,24040876,COM3-RM1L-MC,-73.55647,45.49792,1.28386E+01,1.74668E+01,2.27110E-06,1.29712E+01
1980563-GOV1-S4M-PC,Pre-1973,S4M,PC,Civic,Steel,RES-HD,GOV1,1,SSC-2,24040876,24660143,Montréal,2466,Montréal,2466023,24663442,Montréal,2440,H3C,Quebec / Québec,24,24040876,GOV1-S4M-PC,-73.55647,45.49792,2.95416E+01,2.15910E+02,2.90406E-05,8.87142E+01
1980564-COM4-C2L-PC,Pre-1973,C2L,PC,Commercial,Concrete,RES-HD,COM4,1,SSC-2,24040876,24660143,Montréal,2466,Montréal,2466023,24663442,Montréal,2440,H3C,Quebec / Québec,24,24040876,COM4-C2L-PC,-73.55647,45.49792,1.34249E+02,2.26386E+02,4.71677E-05,1.25577E+02
1980565-COM4-W3-MC,2005-2016,W3,MC,Commercial,Wood,RES-HD,COM4,1,SSC-2,24040876,24660143,Montréal,2466,Montréal,2466023,24663442,Montréal,2440,H3C,Quebec / Québec,24,24040876,COM4-W3-MC,-73.55647,45.49792,2.81923E+02,3.82537E+02,5.39595E-06,1.56928E+03
1980566-COM4-PC1-MC,2005-2016,PC1,MC,Commercial,Precast,RES-HD,COM4,1,SSC-2,24040876,24660143,Montréal,2466,Montréal,2466023,24663442,Montréal,2440,H3C,Quebec / Québec,24,24040876,COM4-PC1-MC,-73.55647,45.49792,9.15363E+01,1.76348E+02,2.92322E-05,1.61064E+02
1980567-COM1-URML-PC,1973-1989,URML,PC,Commercial,URMasonry,RES-HD,COM1,1,SSC-2,24040876,24660143,Montréal,2466,Montréal,2466023,24663442,Montréal,2440,H3C,Quebec / Québec,24,24040876,COM1-URML-PC,-73.55647,45.49792,8.24740E+01,2.22226E+02,5.65132E-05,1.15873E+02
1980568-COM1-W3-MC,2005-2016,W3,MC,Commercial,Wood,RES-HD,COM1,1,SSC-2,24040876,24660143,Montréal,2466,Montréal,2466023,24663442,Montréal,2440,H3C,Quebec / Québec,24,24040876,COM1-W3-MC,-73.55647,45.49792,1.92352E+01,2.59652E+01,1.47162E-06,1.05734E+02
1980569-RES3E-W2-MC,2005-2016,W2,MC,Residential-HD,Wood,RES-HD,RES3E,1,SSC-2,24040876,24660143,Montréal,2466,Montréal,2466023,24663442,Montréal,2440,H3C,Quebec / Québec,24,24040876,RES3E-W2-MC,-73.55647,45.49792,1.86072E+01,1.66415E+02,3.22126E-07,2.39523E+02
1980570-RES3E-W2-LC,1990-2004,W2,LC,Residential-HD,Wood,RES-HD,RES3E,1,SSC-2,24040876,24660143,Montréal,2466,Montréal,2466023,24663442,Montréal,2440,H3C,Quebec / Québec,24,24040876,RES3E-W2-LC,-73.55647,45.49792,5.34546E+01,4.82972E+02,1.68240E-06,4.69119E+02
1980571-RES3D-URML-PC,1973-1989,URML,PC,Residential-HD,URMasonry,RES-HD,RES3D,1,SSC-2,24040876,24660143,Montréal,2466,Montréal,2466023,24663442,Montréal,2440,H3C,Quebec / Québec,24,24040876,RES3D-URML-PC,-73.55647,45.49792,3.40466E+01,5.76325E+02,6.57011E-06,1.07627E+02
1980572-COM4-C2L-LC,1990-2004,C2L,LC,Commercial,Concrete,RES-HD,COM4,1,SSC-2,24040876,24660143,Montréal,2466,Montréal,2466023,24663442,Montréal,2440,H3C,Quebec / Québec,24,24040876,COM4-C2L-LC,-73.55647,45.49792,1.34249E+02,2.13710E+02,4.06587E-05,9.59498E+01
1980573-COM4-S2L-MC,2005-2016,S2L,MC,Commercial,Steel,RES-HD,COM4,1,SSC-2,24040876,24660143,Montréal,2466,Montréal,2466023,24663442,Montréal,2440,H3C,Quebec / Québec,24,24040876,COM4-S2L-MC,-73.55647,45.49792,4.69871E+01,7.37368E+01,6.68554E-06,4.48242E+01
1980574-COM3-C2L-LC,1990-2004,C2L,LC,Commercial,Concrete,RES-HD,COM3,1,SSC-2,24040876,24660143,Montréal,2466,Montréal,2466023,24663442,Montréal,2440,H3C,Quebec / Québec,24,24040876,COM3-C2L-LC,-73.55647,45.49792,1.88294E+01,2.98737E+01,8.38556E-06,1.34577E+01
1980575-COM2-URMM-PC,1973-1989,URMM,PC,Commercial,URMasonry,RES-HD,COM2,1,SSC-2,24040876,24660143,Montréal,2466,Montréal,2466023,24663442,Montréal,2440,H3C,Quebec / Québec,24,24040876,COM2-URMM-PC,-73.55647,45.49792,1.09086E+02,2.78598E+02,4.22648E-05,1.41552E+02
1980576-RES3F-C2M-MC,2005-2016,C2M,MC,Residential-HD,Concrete,RES-HD,RES3F,1,SSC-2,24040876,24660143,Montréal,2466,Montréal,2466023,24663442,Montréal,2440,H3C,Quebec / Québec,24,24040876,RES3F-C2M-MC,-73.55647,45.49792,2.86956E+01,2.60376E+02,3.25916E-06,1.09367E+02
1980577-COM4-C3L-PC,Pre-1973,C3L,PC,Commercial,Concrete,RES-HD,COM4,1,SSC-2,24040876,24660143,Montréal,2466,Montréal,2466023,24663442,Montréal,2440,H3C,Quebec / Québec,24,24040876,COM4-C3L-PC,-73.55647,45.49792,1.34249E+02,2.01235E+02,5.25901E-05,1.36636E+02
1980578-COM1-S2M-PC,Pre-1973,S2M,PC,Commercial,Steel,RES-HD,COM1,1,SSC-2,24040876,24660143,Montréal,2466,Montréal,2466023,24663442,Montréal,2440,H3C,Quebec / Québec,24,24040876,COM1-S2M-PC,-73.55647,45.49792,1.40515E+01,4.87197E+01,1.38204E-05,5.18586E+01
1980579-RES3D-W2-MC,2005-2016,W2,MC,Residential-HD,Wood,RES-HD,RES3D,1,SSC-2,24040876,24660143,Montréal,2466,Montréal,2466023,24663442,Montréal,2440,H3C,Quebec / Québec,24,24040876,RES3D-W2-MC,-73.55647,45.49792,7.94060E+00,7.10175E+01,1.71088E-07,1.02216E+02
1980580-COM4-C2H-LC,1990-2004,C2H,LC,Commercial,Concrete,RES-HD,COM4,1,SSC-2,24040876,24660143,Montréal,2466,Montréal,2466023,24663442,Montréal,2440,H3C,Quebec / Québec,24,24040876,COM4-C2H-LC,-73.55647,45.49792,7.87304E+02,2.26515E+03,1.73592E-04,4.15342E+03
1980581-COM4-RM1L-MC,2005-2016,RM1L,MC,Commercial,RMasonry,RES-HD,COM4,1,SSC-2,24040876,24660143,Montréal,2466,Montréal,2466023,24663442,Montréal,2440,H3C,Quebec / Québec,24,24040876,COM4-RM1L-MC,-73.55647,45.49792,4.57682E+01,6.26542E+01,5.50587E-06,4.62408E+01
1980582-COM4-S1M-MC,2005-2016,S1M,MC,Commercial,Steel,RES-HD,COM4,1,SSC-2,24040876,24660143,Montréal,2466,Montréal,2466023,24663442,Montréal,2440,H3C,Quebec / Québec,24,24040876,COM4-S1M-MC,-73.55647,45.49792,1.34005E+01,1.09177E+02,2.01133E-05,1.79209E+02
1980583-COM3-S4L-LC,1990-2004,S4L,LC,Commercial,Steel,RES-HD,COM3,1,SSC-2,24040876,24660143,Montréal,2466,Montréal,2466023,24663442,Montréal,2440,H3C,Quebec / Québec,24,24040876,COM3-S4L-LC,-73.55647,45.49792,1.88294E+01,3.04121E+01,6.39883E-06,1.48354E+01
1980584-RES3E-C2H-PC,Pre-1973,C2H,PC,Residential-HD,Concrete,RES-HD,RES3E,1,SSC-2,24040876,24660143,Montréal,2466,Montréal,2466023,24663442,Montréal,2440,H3C,Quebec / Québec,24,24040876,RES3E-C2H-PC,-73.55647,45.49792,7.08275E+00,1.51478E+02,2.73137E-06,1.04142E+02
1980585-COM4-C2M-LC,1990-2004,C2M,LC,Commercial,Concrete,RES-HD,COM4,1,SSC-2,24040876,24660143,Montréal,2466,Montréal,2466023,24663442,Montréal,2440,H3C,Quebec / Québec,24,24040876,COM4-C2M-LC,-73.55647,45.49792,1.51520E+02,2.49605E+02,6.11881E-05,2.14139E+02
1980586-RES3D-W2-PC,Pre-1973,W2,PC,Residential-HD,Wood,RES-HD,RES3D,1,SSC-2,24040876,24660143,Montréal,2466,Montréal,2466023,24663442,Montréal,2440,H3C,Quebec / Québec,24,24040876,RES3D-W2-PC,-73.55647,45.49792,4.56234E+01,4.79280E+02,2.41589E-06,4.00392E+02
1980587-COM4-RM1L-LC,1990-2004,RM1L,LC,Commercial,RMasonry,RES-HD,COM4,1,SSC-2,24040876,24660143,Montréal,2466,Montréal,2466023,24663442,Montréal,2440,H3C,Quebec / Québec,24,24040876,COM4-RM1L-LC,-73.55647,45.49792,2.68497E+02,3.75225E+02,5.26819E-05,1.72796E+02
1980588-COM4-URMM-PC,1973-1989,URMM,PC,Commercial,URMasonry,RES-HD,COM4,1,SSC-2,24040876,24660143,Montréal,2466,Montréal,2466023,24663442,Montréal,2440,H3C,Quebec / Québec,24,24040876,COM4-URMM-PC,-73.55647,45.49792,4.56535E+03,1.16596E+04,1.33788E-03,5.92408E+03
1980589-COM2-C1L-LC,1990-2004,C1L,LC,Commercial,Concrete,RES-HD,COM2,1,SSC-2,24040876,24660143,Montréal,2466,Montréal,2466023,24663442,Montréal,2440,H3C,Quebec / Québec,24,24040876,COM2-C1L-LC,-73.55647,45.49792,7.93610E+01,1.40488E+02,9.54412E-05,7.32407E+01
1980590-RES3E-W2-MC,2005-2016,W2,MC,Residential-HD,Wood,RES-HD,RES3E,1,SSC-2,24040876,24660143,Montréal,2466,Montréal,2466023,24663442,Montréal,2440,H3C,Quebec / Québec,24,24040876,RES3E-W2-MC,-73.55647,45.49792,7.44288E+01,6.65661E+02,1.28884E-06,9.58091E+02
1980591-GOV1-C2M-MC,2005-2016,C2M,MC,Civic,Concrete,RES-HD,GOV1,1,SSC-2,24040876,24660143,Montréal,2466,Montréal,2466023,24663442,Montréal,2440,H3C,Quebec / Québec,24,24040876,GOV1-C2M-MC,-73.55647,45.49792,1.61488E+01,6.21259E+01,8.53182E-06,2.73547E+01
1980592-RES3D-W2-MC,2005-2016,W2,MC,Residential-HD,Wood,RES-HD,RES3D,1,SSC-2,24040876,24660143,Montréal,2466,Montréal,2466023,24663442,Montréal,2440,H3C,Quebec / Québec,24,24040876,RES3D-W2-MC,-73.55647,45.49792,7.94060E+00,7.10175E+01,1.71088E-07,1.02216E+02
1980593-REL1-W2-MC,2005-2016,W2,MC,Civic,Wood,RES-HD,REL1,1,SSC-2,24040876,24660143,Montréal,2466,Montréal,2466023,24663442,Montréal,2440,H3C,Quebec / Québec,24,24040876,REL1-W2-MC,-73.55647,45.49792,1.72953E+01,6.07959E+01,1.26278E-06,7.25679E+01
1980594-GOV1-W2-MC,2005-2016,W2,MC,Civic,Wood,RES-HD,GOV1,1,SSC-2,24040876,24660143,Montréal,2466,Montréal,2466023,24663442,Montréal,2440,H3C,Quebec / Québec,24,24040876,GOV1-W2-MC,-73.55647,45.49792,1.15128E+02,4.34934E+02,8.69908E-06,5.66548E+02
1980595-COM4-C2M-MC,2005-2016,C2M,MC,Commercial,Concrete,RES-HD,COM4,1,SSC-2,24040876,24660143,Montréal,2466,Montréal,2466023,24663442,Montréal,2440,H3C,Quebec / Québec,24,24040876,COM4-C2M-MC,-73.55647,45.49792,4.86508E+01,6.71867E+01,1.28931E-05,8.24102E+01
1980596-RES3E-URMM-PC,1973-1989,URMM,PC,Residential-HD,URMasonry,RES-HD,RES3E,1,SSC-2,24040876,24660143,Montréal,2466,Montréal,2466023,24663442,Montréal,2440,H3C,Quebec / Québec,24,24040876,RES3E-URMM-PC,-73.55647,45.49792,7.34762E+01,1.17889E+03,9.83424E-06,2.14524E+02
1980597-RES3E-W2-LC,1990-2004,W2,LC,Residential-HD,Wood,RES-HD,RES3E,1,SSC-2,24040876,24660143,Montréal,2466,Montréal,2466023,24663442,Montréal,2440,H3C,Quebec / Québec,24,24040876,RES3E-W2-LC,-73.55647,45.49792,5.34546E+01,4.82972E+02,1.68240E-06,4.69119E+02
1980598-COM4-RM1L-PC,Pre-1973,RM1L,PC,Commercial,RMasonry,RES-HD,COM4,1,SSC-2,24040876,24660143,Montréal,2466,Montréal,2466023,24663442,Montréal,2440,H3C,Quebec / Québec,24,24040876,COM4-RM1L-PC,-73.55647,45.49792,1.34249E+02,2.02568E+02,3.22628E-05,1.05405E+02
1980599-COM1-S4L-MC,2005-2016,S4L,MC,Commercial,Steel,RES-HD,COM1,1,SSC-2,24040876,24660143,Montréal,2466,Montréal,2466023,24663442,Montréal,2440,H3C,Quebec / Québec,24,24040876,COM1-S4L-MC,-73.55647,45.49792,1.87362E+01,3.15595E+01,1.25304E-05,2.02566E+01
1980600-GOV1-RM2M-MC,2005-2016,RM2M,MC,Civic,RMasonry,RES-HD,GOV1,1,SSC-2,24040876,24660143,Montréal,2466,Montréal,2466023,24663442,Montréal,2440,H3C,Quebec / Québec,24,24040876,GOV1-RM2M-MC,-73.55647,45.49792,1.61488E+01,5.86703E+01,9.37443E-06,2.95051E+01
1980601-COM4-S2H-LC,1990-2004,S2H,LC,Commercial,Steel,RES-HD,COM4,1,SSC-2,24040876,24660143,Montréal,2466,Montréal,2466023,24663442,Montréal,2440,H3C,Quebec / Québec,24,24040876,COM4-S2H-LC,-73.55647,45.49792,1.43887E+02,9.51644E+02,6.20274E-05,2.02898E+03
1980602-COM4-S5M-PC,1973-1989,S5M,PC,Commercial,Steel,RES-HD,COM4,1,SSC-2,24040876,24660143,Montréal,2466,Montréal,2466023,24663442,Montréal,2440,H3C,Quebec / Québec,24,24040876,COM4-S5M-PC,-73.55647,45.49792,8.89985E+01,1.73152E+02,3.42777E-05,2.74311E+02
1980603-COM4-W3-LC,1990-2004,W3,LC,Commercial,Wood,RES-HD,COM4,1,SSC-2,24040876,24660143,Montréal,2466,Montréal,2466023,24663442,Montréal,2440,H3C,Quebec / Québec,24,24040876,COM4-W3-LC,-73.55647,45.49792,6.74921E+02,9.27079E+02,2.34855E-05,2.58347E+03
1980604-COM4-W3-PC,Pre-1973,W3,PC,Commercial,Wood,RES-HD,COM4,1,SSC-2,24040876,24660143,Montréal,2466,Montréal,2466023,24663442,Montréal,2440,H3C,Quebec / Québec,24,24040876,COM4-W3-PC,-73.55647,45.49792,2.69969E+02,4.44612E+02,1.26875E-05,1.03339E+03
1980605-COM3-URML-PC,Pre-1973,URML,PC,Commercial,URMasonry,RES-HD,COM3,1,SSC-2,24040876,24660143,Montréal,2466,Montréal,2466023,24663442,Montréal,2440,H3C,Quebec / Québec,24,24040876,COM3-URML-PC,-73.55647,45.49792,2.82569E+01,7.61382E+01,7.12190E-06,3.96998E+01
1980606-REL1-W2-LC,1990-2004,W2,LC,Civic,Wood,RES-HD,REL1,1,SSC-2,24040876,24660143,Montréal,2466,Montréal,2466023,24663442,Montréal,2440,H3C,Quebec / Québec,24,24040876,REL1-W2-LC,-73.55647,45.49792,4.96860E+01,1.75168E+02,6.59521E-06,1.54571E+02
1980607-IND2-URML-PC,1973-1989,URML,PC,Industrial,URMasonry,RES-HD,IND2,1,SSC-2,24040876,24660143,Montréal,2466,Montréal,2466023,24663442,Montréal,2440,H3C,Quebec / Québec,24,24040876,IND2-URML-PC,-73.55647,45.49792,3.52108E+02,1.04813E+03,6.48927E-05,3.29799E+02
1980608-COM4-C2L-MC,2005-2016,C2L,MC,Commercial,Concrete,RES-HD,COM4,1,SSC-2,24040876,24660143,Montréal,2466,Montréal,2466023,24663442,Montréal,2440,H3C,Quebec / Québec,24,24040876,COM4-C2L-MC,-73.55647,45.49792,3.20377E+02,5.12359E+02,5.23633E-05,3.37411E+02
1980609-COM4-URML-PC,1973-1989,URML,PC,Commercial,URMasonry,RES-HD,COM4,1,SSC-2,24040876,24660143,Montréal,2466,Montréal,2466023,24663442,Montréal,2440,H3C,Quebec / Québec,24,24040876,COM4-URML-PC,-73.55647,45.49792,1.61172E+03,4.34278E+03,2.76291E-04,2.26440E+03
1980610-COM3-C2L-MC,2005-2016,C2L,MC,Commercial,Concrete,RES-HD,COM3,1,SSC-2,24040876,24660143,Montréal,2466,Montréal,2466023,24663442,Montréal,2440,H3C,Quebec / Québec,24,24040876,COM3-C2L-MC,-73.55647,45.49792,6.41932E+00,1.02158E+01,1.54255E-06,6.76063E+00
1980611-COM3-URML-PC,1973-1989,URML,PC,Commercial,URMasonry,RES-HD,COM3,1,SSC-2,24040876,24660143,Montréal,2466,Montréal,2466023,24663442,Montréal,2440,H3C,Quebec / Québec,24,24040876,COM3-URML-PC,-73.55647,45.49792,1.69541E+02,4.56829E+02,4.27314E-05,2.38199E+02
1980612-COM3-W3-MC,2005-2016,W3,MC,Commercial,Wood,RES-HD,COM3,1,SSC-2,24040876,24660143,Montréal,2466,Montréal,2466023,24663442,Montréal,2440,H3C,Quebec / Québec,24,24040876,COM3-W3-MC,-73.55647,45.49792,1.31806E+01,1.77595E+01,3.70913E-07,6.84605E+01
1980613-GOV1-C1L-MC,2005-2016,C1L,MC,Civic,Concrete,RES-HD,GOV1,1,SSC-2,24040876,24660143,Montréal,2466,Montréal,2466023,24663442,Montréal,2440,H3C,Quebec / Québec,24,24040876,GOV1-C1L-MC,-73.55647,45.49792,3.83760E+01,1.94375E+02,4.51397E-05,4.90785E+01
