#,,,,,,,,,,,,,,,,,,,,,,,,,,,,,"generated_by='OpenQuake engine 3.11.3-git29ac352f7d', start_date='2021-07-13T23:19:59', checksum=2945867503, investigation_time=1.0, risk_investigation_time=1.0"
asset_id,BldEpoch,BldgType,EqDesLev,GenOcc,GenType,LandUse,OccClass,SAC,SSC_Zone,SauidID,adauid,cdname,cduid,csdname,csduid,dauid,ername,eruid,fsauid,prname,pruid,sauid,taxonomy,lon,lat,contents,nonstructural,occupants,structural
71528-RES3B-W1-MC,1990-2004,W1,MC,Residential-MD,Wood,RES-HD,RES3B,1,SSC-4,59007562,59150312,Greater Vancouver,5915,Vancouver,5915022,59150779,Lower Mainland--Southwest / Lower Mainland--Sud-ouest,5920,V6B,British Columbia / Colombie-Britannique,59,59007562,RES3B-W1-MC,-123.12297,49.27609,1.19559E+01,1.52717E+02,3.72950E-08,1.79765E+02
71529-RES3E-URMM-LC,1973-1989,URMM,LC,Residential-HD,URMasonry,RES-HD,RES3E,1,SSC-4,59007562,59150312,Greater Vancouver,5915,Vancouver,5915022,59150779,Lower Mainland--Southwest / Lower Mainland--Sud-ouest,5920,V6B,British Columbia / Colombie-Britannique,59,59007562,RES3E-URMM-LC,-123.12297,49.27609,5.31387E+02,7.52511E+03,2.07526E-05,1.25134E+03
71530-COM3-C2L-MC,1990-2004,C2L,MC,Commercial,Concrete,RES-HD,COM3,1,SSC-4,59007562,59150312,Greater Vancouver,5915,Vancouver,5915022,59150779,Lower Mainland--Southwest / Lower Mainland--Sud-ouest,5920,V6B,British Columbia / Colombie-Britannique,59,59007562,COM3-C2L-MC,-123.12297,49.27609,2.31984E+01,4.21753E+01,2.61237E-06,2.79612E+01
71531-COM3-RM1L-MC,1990-2004,RM1L,MC,Commercial,RMasonry,RES-HD,COM3,1,SSC-4,59007562,59150312,Greater Vancouver,5915,Vancouver,5915022,59150779,Lower Mainland--Southwest / Lower Mainland--Sud-ouest,5920,V6B,British Columbia / Colombie-Britannique,59,59007562,COM3-RM1L-MC,-123.12297,49.27609,2.31984E+01,3.46534E+01,1.60485E-06,2.52396E+01
71532-COM1-C3M-LC,1973-1989,C3M,LC,Commercial,Concrete,RES-HD,COM1,1,SSC-4,59007562,59150312,Greater Vancouver,5915,Vancouver,5915022,59150779,Lower Mainland--Southwest / Lower Mainland--Sud-ouest,5920,V6B,British Columbia / Colombie-Britannique,59,59007562,COM1-C3M-LC,-123.12297,49.27609,1.10223E+02,1.36799E+02,7.31463E-05,2.12887E+02
71533-COM1-RM1L-HC,2005-2016,RM1L,HC,Commercial,RMasonry,RES-HD,COM1,1,SSC-4,59007562,59150312,Greater Vancouver,5915,Vancouver,5915022,59150779,Lower Mainland--Southwest / Lower Mainland--Sud-ouest,5920,V6B,British Columbia / Colombie-Britannique,59,59007562,COM1-RM1L-HC,-123.12297,49.27609,6.49142E+01,1.03900E+02,2.89011E-06,6.01324E+01
71534-COM1-W3-MC,1990-2004,W3,MC,Commercial,Wood,RES-HD,COM1,1,SSC-4,59007562,59150312,Greater Vancouver,5915,Vancouver,5915022,59150779,Lower Mainland--Southwest / Lower Mainland--Sud-ouest,5920,V6B,British Columbia / Colombie-Britannique,59,59007562,COM1-W3-MC,-123.12297,49.27609,1.53734E+02,2.25779E+02,4.10964E-06,1.30040E+03
71535-COM4-S5L-LC,1973-1989,S5L,LC,Commercial,Steel,RES-HD,COM4,1,SSC-4,59007562,59150312,Greater Vancouver,5915,Vancouver,5915022,59150779,Lower Mainland--Southwest / Lower Mainland--Sud-ouest,5920,V6B,British Columbia / Colombie-Britannique,59,59007562,COM4-S5L-LC,-123.12297,49.27609,6.62080E+02,7.83276E+02,7.12531E-05,6.26250E+02
71536-COM4-W3-MC,1990-2004,W3,MC,Commercial,Wood,RES-HD,COM4,1,SSC-4,59007562,59150312,Greater Vancouver,5915,Vancouver,5915022,59150779,Lower Mainland--Southwest / Lower Mainland--Sud-ouest,5920,V6B,British Columbia / Colombie-Britannique,59,59007562,COM4-W3-MC,-123.12297,49.27609,1.91080E+02,2.80273E+02,1.25586E-06,1.64149E+03
71537-COM7-W3-MC,1990-2004,W3,MC,Commercial,Wood,RES-HD,COM7,1,SSC-4,59007562,59150312,Greater Vancouver,5915,Vancouver,5915022,59150779,Lower Mainland--Southwest / Lower Mainland--Sud-ouest,5920,V6B,British Columbia / Colombie-Britannique,59,59007562,COM7-W3-MC,-123.12297,49.27609,2.76721E+02,3.98565E+02,1.03495E-06,2.37443E+03
71538-RES3E-W4-HC,2005-2016,W4,HC,Residential-HD,Wood,RES-HD,RES3E,1,SSC-4,59007562,59150312,Greater Vancouver,5915,Vancouver,5915022,59150779,Lower Mainland--Southwest / Lower Mainland--Sud-ouest,5920,V6B,British Columbia / Colombie-Britannique,59,59007562,RES3E-W4-HC,-123.12297,49.27609,3.98721E+01,4.63454E+02,3.82048E-08,1.58217E+03
71539-RES3E-W2-MC,1973-1989,W2,MC,Residential-HD,Wood,RES-HD,RES3E,1,SSC-4,59007562,59150312,Greater Vancouver,5915,Vancouver,5915022,59150779,Lower Mainland--Southwest / Lower Mainland--Sud-ouest,5920,V6B,British Columbia / Colombie-Britannique,59,59007562,RES3E-W2-MC,-123.12297,49.27609,7.91723E+01,7.54321E+02,4.63223E-07,1.58217E+03
71540-RES3E-W2-MC,1990-2004,W2,MC,Residential-HD,Wood,RES-HD,RES3E,1,SSC-4,59007562,59150312,Greater Vancouver,5915,Vancouver,5915022,59150779,Lower Mainland--Southwest / Lower Mainland--Sud-ouest,5920,V6B,British Columbia / Colombie-Britannique,59,59007562,RES3E-W2-MC,-123.12297,49.27609,3.95861E+02,3.77161E+03,2.31660E-06,7.91087E+03
71541-COM1-URML-LC,1973-1989,URML,LC,Commercial,URMasonry,RES-HD,COM1,1,SSC-4,59007562,59150312,Greater Vancouver,5915,Vancouver,5915022,59150779,Lower Mainland--Southwest / Lower Mainland--Sud-ouest,5920,V6B,British Columbia / Colombie-Britannique,59,59007562,COM1-URML-LC,-123.12297,49.27609,1.13760E+03,2.73146E+03,2.11483E-04,1.32039E+03
71542-COM1-W3-HC,2005-2016,W3,HC,Commercial,Wood,RES-HD,COM1,1,SSC-4,59007562,59150312,Greater Vancouver,5915,Vancouver,5915022,59150779,Lower Mainland--Southwest / Lower Mainland--Sud-ouest,5920,V6B,British Columbia / Colombie-Britannique,59,59007562,COM1-W3-HC,-123.12297,49.27609,3.87110E+01,7.28290E+01,1.69473E-07,6.50198E+02
71543-COM4-URML-LC,1973-1989,URML,LC,Commercial,URMasonry,RES-HD,COM4,1,SSC-4,59007562,59150312,Greater Vancouver,5915,Vancouver,5915022,59150779,Lower Mainland--Southwest / Lower Mainland--Sud-ouest,5920,V6B,British Columbia / Colombie-Britannique,59,59007562,COM4-URML-LC,-123.12297,49.27609,1.41396E+03,3.39501E+03,6.46266E-05,1.64115E+03
71544-IND2-URML-LC,1973-1989,URML,LC,Industrial,URMasonry,RES-HD,IND2,1,SSC-4,59007562,59150312,Greater Vancouver,5915,Vancouver,5915022,59150779,Lower Mainland--Southwest / Lower Mainland--Sud-ouest,5920,V6B,British Columbia / Colombie-Britannique,59,59007562,IND2-URML-LC,-123.12297,49.27609,8.39608E+02,2.22711E+03,4.04636E-05,6.49679E+02
71545-COM7-PC1-HC,2005-2016,PC1,HC,Commercial,Precast,RES-HD,COM7,1,SSC-4,59007562,59150312,Greater Vancouver,5915,Vancouver,5915022,59150779,Lower Mainland--Southwest / Lower Mainland--Sud-ouest,5920,V6B,British Columbia / Colombie-Britannique,59,59007562,COM7-PC1-HC,-123.12297,49.27609,5.84228E+01,1.54968E+02,1.79160E-06,1.34754E+02
71546-COM7-W3-HC,2005-2016,W3,HC,Commercial,Wood,RES-HD,COM7,1,SSC-4,59007562,59150312,Greater Vancouver,5915,Vancouver,5915022,59150779,Lower Mainland--Southwest / Lower Mainland--Sud-ouest,5920,V6B,British Columbia / Colombie-Britannique,59,59007562,COM7-W3-HC,-123.12297,49.27609,6.96799E+01,1.26659E+02,4.26995E-08,1.18721E+03
71547-IND1-W3-MC,1990-2004,W3,MC,Industrial,Wood,RES-HD,IND1,1,SSC-4,59007563,59150312,Greater Vancouver,5915,Vancouver,5915022,59150780,Lower Mainland--Southwest / Lower Mainland--Sud-ouest,5920,V6B,British Columbia / Colombie-Britannique,59,59007563,IND1-W3-MC,-123.12286,49.27810,3.27846E+02,4.20821E+02,4.92268E-07,2.20398E+03
71548-COM4-PC2L-HC,2005-2016,PC2L,HC,Commercial,Precast,RES-HD,COM4,1,SSC-4,59007563,59150312,Greater Vancouver,5915,Vancouver,5915022,59150780,Lower Mainland--Southwest / Lower Mainland--Sud-ouest,5920,V6B,British Columbia / Colombie-Britannique,59,59007563,COM4-PC2L-HC,-123.12286,49.27810,7.93089E+01,1.75867E+02,3.23290E-06,1.26808E+02
71549-COM4-S4L-MC,1990-2004,S4L,MC,Commercial,Steel,RES-HD,COM4,1,SSC-4,59007563,59150312,Greater Vancouver,5915,Vancouver,5915022,59150780,Lower Mainland--Southwest / Lower Mainland--Sud-ouest,5920,V6B,British Columbia / Colombie-Britannique,59,59007563,COM4-S4L-MC,-123.12286,49.27810,3.20007E+02,6.36931E+02,3.16372E-05,3.94221E+02
71550-COM4-W3-MC,1990-2004,W3,MC,Commercial,Wood,RES-HD,COM4,1,SSC-4,59007563,59150312,Greater Vancouver,5915,Vancouver,5915022,59150780,Lower Mainland--Southwest / Lower Mainland--Sud-ouest,5920,V6B,British Columbia / Colombie-Britannique,59,59007563,COM4-W3-MC,-123.12286,49.27810,5.66041E+02,8.30908E+02,3.65449E-06,4.89081E+03
71551-IND4-W3-PC,Pre-1973,W3,PC,Industrial,Wood,RES-HD,IND4,1,SSC-4,59007563,59150312,Greater Vancouver,5915,Vancouver,5915022,59150780,Lower Mainland--Southwest / Lower Mainland--Sud-ouest,5920,V6B,British Columbia / Colombie-Britannique,59,59007563,IND4-W3-PC,-123.12286,49.27810,6.58448E+02,1.11433E+03,7.87474E-06,2.14858E+03
71552-COM1-S5L-LC,1973-1989,S5L,LC,Commercial,Steel,RES-HD,COM1,1,SSC-4,59007563,59150312,Greater Vancouver,5915,Vancouver,5915022,59150780,Lower Mainland--Southwest / Lower Mainland--Sud-ouest,5920,V6B,British Columbia / Colombie-Britannique,59,59007563,COM1-S5L-LC,-123.12286,49.27810,2.63850E+02,3.08309E+02,1.15303E-04,2.49736E+02
71553-COM1-W3-MC,1990-2004,W3,MC,Commercial,Wood,RES-HD,COM1,1,SSC-4,59007563,59150312,Greater Vancouver,5915,Vancouver,5915022,59150780,Lower Mainland--Southwest / Lower Mainland--Sud-ouest,5920,V6B,British Columbia / Colombie-Britannique,59,59007563,COM1-W3-MC,-123.12286,49.27810,1.51803E+02,2.23130E+02,3.98628E-06,1.29147E+03
71554-COM1-W3-PC,Pre-1973,W3,PC,Commercial,Wood,RES-HD,COM1,1,SSC-4,59007563,59150312,Greater Vancouver,5915,Vancouver,5915022,59150780,Lower Mainland--Southwest / Lower Mainland--Sud-ouest,5920,V6B,British Columbia / Colombie-Britannique,59,59007563,COM1-W3-PC,-123.12286,49.27810,3.00977E+02,5.10824E+02,3.11085E-05,1.32633E+03
71555-COM3-RM1L-HC,2005-2016,RM1L,HC,Commercial,RMasonry,RES-HD,COM3,1,SSC-4,59007563,59150312,Greater Vancouver,5915,Vancouver,5915022,59150780,Lower Mainland--Southwest / Lower Mainland--Sud-ouest,5920,V6B,British Columbia / Colombie-Britannique,59,59007563,COM3-RM1L-HC,-123.12286,49.27810,3.40137E+01,5.36811E+01,5.18945E-07,3.15866E+01
71556-COM3-W3-PC,Pre-1973,W3,PC,Commercial,Wood,RES-HD,COM3,1,SSC-4,59007563,59150312,Greater Vancouver,5915,Vancouver,5915022,59150780,Lower Mainland--Southwest / Lower Mainland--Sud-ouest,5920,V6B,British Columbia / Colombie-Britannique,59,59007563,COM3-W3-PC,-123.12286,49.27810,1.06960E+02,1.80003E+02,3.91895E-06,4.52708E+02
71557-RES3E-C2H-MC,1973-1989,C2H,MC,Residential-HD,Concrete,RES-HD,RES3E,1,SSC-4,59007563,59150312,Greater Vancouver,5915,Vancouver,5915022,59150780,Lower Mainland--Southwest / Lower Mainland--Sud-ouest,5920,V6B,British Columbia / Colombie-Britannique,59,59007563,RES3E-C2H-MC,-123.12286,49.27810,5.01692E+00,1.83643E+02,1.52021E-06,3.12975E+02
71558-RES3C-RM1L-HC,2005-2016,RM1L,HC,Residential-MD,RMasonry,RES-HD,RES3C,1,SSC-4,59007563,59150312,Greater Vancouver,5915,Vancouver,5915022,59150780,Lower Mainland--Southwest / Lower Mainland--Sud-ouest,5920,V6B,British Columbia / Colombie-Britannique,59,59007563,RES3C-RM1L-HC,-123.12286,49.27810,6.61237E+00,6.75571E+01,9.78099E-08,1.38162E+01
71559-RES4-C2H-MC,1990-2004,C2H,MC,Residential-HD,Concrete,RES-HD,RES4,1,SSC-4,59007563,59150312,Greater Vancouver,5915,Vancouver,5915022,59150780,Lower Mainland--Southwest / Lower Mainland--Sud-ouest,5920,V6B,British Columbia / Colombie-Britannique,59,59007563,RES4-C2H-MC,-123.12286,49.27810,6.22895E+00,2.23232E+02,3.23044E-06,3.88585E+02
71560-RES1-W4-MC,1973-1989,W4,MC,Residential-LD,Wood,RES-HD,RES1,1,SSC-4,59007563,59150312,Greater Vancouver,5915,Vancouver,5915022,59150780,Lower Mainland--Southwest / Lower Mainland--Sud-ouest,5920,V6B,British Columbia / Colombie-Britannique,59,59007563,RES1-W4-MC,-123.12286,49.27810,5.21804E+00,4.18618E+01,1.50734E-08,7.78377E+01
71561-COM3-C3M-PC,Pre-1973,C3M,PC,Commercial,Concrete,RES-HD,COM3,1,SSC-4,59007563,59150312,Greater Vancouver,5915,Vancouver,5915022,59150780,Lower Mainland--Southwest / Lower Mainland--Sud-ouest,5920,V6B,British Columbia / Colombie-Britannique,59,59007563,COM3-C3M-PC,-123.12286,49.27810,3.87008E+01,5.71891E+01,1.17750E-05,9.74291E+01
71562-COM3-RM1L-MC,1990-2004,RM1L,MC,Commercial,RMasonry,RES-HD,COM3,1,SSC-4,59007563,59150312,Greater Vancouver,5915,Vancouver,5915022,59150780,Lower Mainland--Southwest / Lower Mainland--Sud-ouest,5920,V6B,British Columbia / Colombie-Britannique,59,59007563,COM3-RM1L-MC,-123.12286,49.27810,4.57477E+01,6.84496E+01,3.11325E-06,4.98347E+01
71563-RES3E-W2-HC,2005-2016,W2,HC,Residential-HD,Wood,RES-HD,RES3E,1,SSC-4,59007563,59150312,Greater Vancouver,5915,Vancouver,5915022,59150780,Lower Mainland--Southwest / Lower Mainland--Sud-ouest,5920,V6B,British Columbia / Colombie-Britannique,59,59007563,RES3E-W2-HC,-123.12286,49.27810,1.17966E+02,1.37315E+03,1.08827E-07,4.71434E+03
71564-RES3C-C2M-HC,2005-2016,C2M,HC,Residential-MD,Concrete,RES-HD,RES3C,1,SSC-4,59007563,59150312,Greater Vancouver,5915,Vancouver,5915022,59150780,Lower Mainland--Southwest / Lower Mainland--Sud-ouest,5920,V6B,British Columbia / Colombie-Britannique,59,59007563,RES3C-C2M-HC,-123.12286,49.27810,2.26176E+00,2.71301E+01,5.40427E-08,1.46823E+01
71565-RES3C-RM1L-MC,1973-1989,RM1L,MC,Residential-MD,RMasonry,RES-HD,RES3C,1,SSC-4,59007563,59150312,Greater Vancouver,5915,Vancouver,5915022,59150780,Lower Mainland--Southwest / Lower Mainland--Sud-ouest,5920,V6B,British Columbia / Colombie-Britannique,59,59007563,RES3C-RM1L-MC,-123.12286,49.27810,1.33403E+01,1.30294E+02,8.80722E-07,3.26971E+01
71566-RES3C-W2-HC,2005-2016,W2,HC,Residential-MD,Wood,RES-HD,RES3C,1,SSC-4,59007563,59150312,Greater Vancouver,5915,Vancouver,5915022,59150780,Lower Mainland--Southwest / Lower Mainland--Sud-ouest,5920,V6B,British Columbia / Colombie-Britannique,59,59007563,RES3C-W2-HC,-123.12286,49.27810,7.91248E+00,9.21036E+01,1.14695E-08,3.16212E+02
71567-RES4-C2M-HC,2005-2016,C2M,HC,Residential-HD,Concrete,RES-HD,RES4,1,SSC-4,59007563,59150312,Greater Vancouver,5915,Vancouver,5915022,59150780,Lower Mainland--Southwest / Lower Mainland--Sud-ouest,5920,V6B,British Columbia / Colombie-Britannique,59,59007563,RES4-C2M-HC,-123.12286,49.27810,1.39555E+01,1.65986E+02,3.63217E-07,9.05929E+01
71568-RES3B-W2-HC,2005-2016,W2,HC,Residential-MD,Wood,RES-HD,RES3B,1,SSC-4,59007563,59150312,Greater Vancouver,5915,Vancouver,5915022,59150780,Lower Mainland--Southwest / Lower Mainland--Sud-ouest,5920,V6B,British Columbia / Colombie-Britannique,59,59007563,RES3B-W2-HC,-123.12286,49.27810,6.99215E+00,8.13907E+01,5.10602E-09,2.79432E+02
71569-RES1-W1-MC,1990-2004,W1,MC,Residential-LD,Wood,RES-HD,RES1,1,SSC-4,59007563,59150312,Greater Vancouver,5915,Vancouver,5915022,59150780,Lower Mainland--Southwest / Lower Mainland--Sud-ouest,5920,V6B,British Columbia / Colombie-Britannique,59,59007563,RES1-W1-MC,-123.12286,49.27810,5.21804E+00,4.18618E+01,1.50734E-08,7.78377E+01
71570-COM4-C2L-MC,1990-2004,C2L,MC,Commercial,Concrete,RES-HD,COM4,1,SSC-4,59007563,59150312,Greater Vancouver,5915,Vancouver,5915022,59150780,Lower Mainland--Southwest / Lower Mainland--Sud-ouest,5920,V6B,British Columbia / Colombie-Britannique,59,59007563,COM4-C2L-MC,-123.12286,49.27810,1.60003E+02,2.93768E+02,1.23621E-05,1.93274E+02
71571-COM4-C2M-HC,2005-2016,C2M,HC,Commercial,Concrete,RES-HD,COM4,1,SSC-4,59007563,59150312,Greater Vancouver,5915,Vancouver,5915022,59150780,Lower Mainland--Southwest / Lower Mainland--Sud-ouest,5920,V6B,British Columbia / Colombie-Britannique,59,59007563,COM4-C2M-HC,-123.12286,49.27810,1.27075E+02,2.45153E+02,4.51589E-06,3.66628E+02
71572-COM4-RM1L-MC,1973-1989,RM1L,MC,Commercial,RMasonry,RES-HD,COM4,1,SSC-4,59007563,59150312,Greater Vancouver,5915,Vancouver,5915022,59150780,Lower Mainland--Southwest / Lower Mainland--Sud-ouest,5920,V6B,British Columbia / Colombie-Britannique,59,59007563,COM4-RM1L-MC,-123.12286,49.27810,1.60003E+02,2.41595E+02,7.55198E-06,1.74298E+02
71573-COM4-URMM-LC,1973-1989,URMM,LC,Commercial,URMasonry,RES-HD,COM4,1,SSC-4,59007563,59150312,Greater Vancouver,5915,Vancouver,5915022,59150780,Lower Mainland--Southwest / Lower Mainland--Sud-ouest,5920,V6B,British Columbia / Colombie-Britannique,59,59007563,COM4-URMM-LC,-123.12286,49.27810,8.95898E+03,2.01715E+04,8.16851E-04,9.35663E+03
71574-REL1-URMM-LC,1973-1989,URMM,LC,Civic,URMasonry,RES-HD,REL1,1,SSC-4,59007563,59150312,Greater Vancouver,5915,Vancouver,5915022,59150780,Lower Mainland--Southwest / Lower Mainland--Sud-ouest,5920,V6B,British Columbia / Colombie-Britannique,59,59007563,REL1-URMM-LC,-123.12286,49.27810,4.70484E+02,2.66195E+03,7.84635E-05,4.42230E+02
71575-COM1-RM1L-MC,1973-1989,RM1L,MC,Commercial,RMasonry,RES-HD,COM1,1,SSC-4,59007563,59150312,Greater Vancouver,5915,Vancouver,5915022,59150780,Lower Mainland--Southwest / Lower Mainland--Sud-ouest,5920,V6B,British Columbia / Colombie-Britannique,59,59007563,COM1-RM1L-MC,-123.12286,49.27810,6.43653E+01,9.73641E+01,1.23565E-05,7.01156E+01
71576-COM1-URMM-LC,1973-1989,URMM,LC,Commercial,URMasonry,RES-HD,COM1,1,SSC-4,59007563,59150312,Greater Vancouver,5915,Vancouver,5915022,59150780,Lower Mainland--Southwest / Lower Mainland--Sud-ouest,5920,V6B,British Columbia / Colombie-Britannique,59,59007563,COM1-URMM-LC,-123.12286,49.27810,5.12911E+02,1.15484E+03,9.14324E-05,5.35677E+02
71577-COM3-C2L-MC,1990-2004,C2L,MC,Commercial,Concrete,RES-HD,COM3,1,SSC-4,59007563,59150312,Greater Vancouver,5915,Vancouver,5915022,59150780,Lower Mainland--Southwest / Lower Mainland--Sud-ouest,5920,V6B,British Columbia / Colombie-Britannique,59,59007563,COM3-C2L-MC,-123.12286,49.27810,2.28738E+01,4.16772E+01,2.54809E-06,2.76302E+01
71578-IND2-URML-LC,1973-1989,URML,LC,Industrial,URMasonry,RES-HD,IND2,1,SSC-4,59007563,59150312,Greater Vancouver,5915,Vancouver,5915022,59150780,Lower Mainland--Southwest / Lower Mainland--Sud-ouest,5920,V6B,British Columbia / Colombie-Britannique,59,59007563,IND2-URML-LC,-123.12286,49.27810,1.66965E+03,4.42418E+03,7.97427E-05,1.28960E+03
71579-IND1-URML-LC,1973-1989,URML,LC,Industrial,URMasonry,RES-HD,IND1,1,SSC-4,59007563,59150312,Greater Vancouver,5915,Vancouver,5915022,59150780,Lower Mainland--Southwest / Lower Mainland--Sud-ouest,5920,V6B,British Columbia / Colombie-Britannique,59,59007563,IND1-URML-LC,-123.12286,49.27810,2.44286E+03,6.47299E+03,2.57258E-05,1.88681E+03
71580-COM4-C2L-HC,2005-2016,C2L,HC,Commercial,Concrete,RES-HD,COM4,1,SSC-4,59007563,59150312,Greater Vancouver,5915,Vancouver,5915022,59150780,Lower Mainland--Southwest / Lower Mainland--Sud-ouest,5920,V6B,British Columbia / Colombie-Britannique,59,59007563,COM4-C2L-HC,-123.12286,49.27810,7.93089E+01,1.58429E+02,1.23888E-06,1.04215E+02
71581-COM4-PC1-MC,1990-2004,PC1,MC,Commercial,Precast,RES-HD,COM4,1,SSC-4,59007563,59150312,Greater Vancouver,5915,Vancouver,5915022,59150780,Lower Mainland--Southwest / Lower Mainland--Sud-ouest,5920,V6B,British Columbia / Colombie-Britannique,59,59007563,COM4-PC1-MC,-123.12286,49.27810,3.20007E+02,7.40151E+02,5.70931E-05,6.96498E+02
71582-COM4-S2M-MC,1990-2004,S2M,MC,Commercial,Steel,RES-HD,COM4,1,SSC-4,59007563,59150312,Greater Vancouver,5915,Vancouver,5915022,59150780,Lower Mainland--Southwest / Lower Mainland--Sud-ouest,5920,V6B,British Columbia / Colombie-Britannique,59,59007563,COM4-S2M-MC,-123.12286,49.27810,7.91203E+01,3.96463E+02,2.63678E-05,7.50294E+02
71583-COM4-URML-LC,1973-1989,URML,LC,Commercial,URMasonry,RES-HD,COM4,1,SSC-4,59007563,59150312,Greater Vancouver,5915,Vancouver,5915022,59150780,Lower Mainland--Southwest / Lower Mainland--Sud-ouest,5920,V6B,British Columbia / Colombie-Britannique,59,59007563,COM4-URML-LC,-123.12286,49.27810,9.84132E+03,2.36048E+04,4.45602E-04,1.14018E+04
71584-COM4-W3-HC,2005-2016,W3,HC,Commercial,Wood,RES-HD,COM4,1,SSC-4,59007563,59150312,Greater Vancouver,5915,Vancouver,5915022,59150780,Lower Mainland--Southwest / Lower Mainland--Sud-ouest,5920,V6B,British Columbia / Colombie-Britannique,59,59007563,COM4-W3-HC,-123.12286,49.27810,9.49024E+01,1.76696E+02,9.83479E-08,1.63027E+03
71585-COM1-S1L-HC,2005-2016,S1L,HC,Commercial,Steel,RES-HD,COM1,1,SSC-4,59007563,59150312,Greater Vancouver,5915,Vancouver,5915022,59150780,Lower Mainland--Southwest / Lower Mainland--Sud-ouest,5920,V6B,British Columbia / Colombie-Britannique,59,59007563,COM1-S1L-HC,-123.12286,49.27810,1.80599E+01,8.49271E+01,2.62486E-06,3.53204E+01
71586-COM1-URML-LC,1973-1989,URML,LC,Commercial,URMasonry,RES-HD,COM1,1,SSC-4,59007563,59150312,Greater Vancouver,5915,Vancouver,5915022,59150780,Lower Mainland--Southwest / Lower Mainland--Sud-ouest,5920,V6B,British Columbia / Colombie-Britannique,59,59007563,COM1-URML-LC,-123.12286,49.27810,1.69668E+03,4.06955E+03,3.12508E-04,1.96571E+03
71587-COM1-W3-HC,2005-2016,W3,HC,Commercial,Wood,RES-HD,COM1,1,SSC-4,59007563,59150312,Greater Vancouver,5915,Vancouver,5915022,59150780,Lower Mainland--Southwest / Lower Mainland--Sud-ouest,5920,V6B,British Columbia / Colombie-Britannique,59,59007563,COM1-W3-HC,-123.12286,49.27810,1.14531E+02,2.15855E+02,4.82785E-07,1.93721E+03
71588-COM2-URML-LC,1973-1989,URML,LC,Commercial,URMasonry,RES-HD,COM2,1,SSC-4,59007563,59150312,Greater Vancouver,5915,Vancouver,5915022,59150780,Lower Mainland--Southwest / Lower Mainland--Sud-ouest,5920,V6B,British Columbia / Colombie-Britannique,59,59007563,COM2-URML-LC,-123.12286,49.27810,9.29216E+02,2.22876E+03,9.79949E-05,1.07656E+03
71589-COM3-C2L-HC,2005-2016,C2L,HC,Commercial,Concrete,RES-HD,COM3,1,SSC-4,59007563,59150312,Greater Vancouver,5915,Vancouver,5915022,59150780,Lower Mainland--Southwest / Lower Mainland--Sud-ouest,5920,V6B,British Columbia / Colombie-Britannique,59,59007563,COM3-C2L-HC,-123.12286,49.27810,2.26758E+01,4.48094E+01,5.10720E-07,2.97969E+01
71590-COM3-URML-LC,1973-1989,URML,LC,Commercial,URMasonry,RES-HD,COM3,1,SSC-4,59007563,59150312,Greater Vancouver,5915,Vancouver,5915022,59150780,Lower Mainland--Southwest / Lower Mainland--Sud-ouest,5920,V6B,British Columbia / Colombie-Britannique,59,59007563,COM3-URML-LC,-123.12286,49.27810,1.20592E+03,2.89244E+03,7.87560E-05,1.39713E+03
71591-RES3E-C1M-MC,1990-2004,C1M,MC,Residential-HD,Concrete,RES-HD,RES3E,1,SSC-4,59007563,59150312,Greater Vancouver,5915,Vancouver,5915022,59150780,Lower Mainland--Southwest / Lower Mainland--Sud-ouest,5920,V6B,British Columbia / Colombie-Britannique,59,59007563,RES3E-C1M-MC,-123.12286,49.27810,8.63399E-01,4.07539E+02,3.04862E-06,3.85863E+02
71592-RES3E-W2-HC,2005-2016,W2,HC,Residential-HD,Wood,RES-HD,RES3E,1,SSC-4,59007563,59150312,Greater Vancouver,5915,Vancouver,5915022,59150780,Lower Mainland--Southwest / Lower Mainland--Sud-ouest,5920,V6B,British Columbia / Colombie-Britannique,59,59007563,RES3E-W2-HC,-123.12286,49.27810,3.93219E+01,4.57718E+02,3.62756E-08,1.57145E+03
71593-RES3E-W2-MC,1990-2004,W2,MC,Residential-HD,Wood,RES-HD,RES3E,1,SSC-4,59007563,59150312,Greater Vancouver,5915,Vancouver,5915022,59150780,Lower Mainland--Southwest / Lower Mainland--Sud-ouest,5920,V6B,British Columbia / Colombie-Britannique,59,59007563,RES3E-W2-MC,-123.12286,49.27810,1.56356E+02,1.49065E+03,8.98636E-07,3.14289E+03
71594-RES3C-W2-MC,1990-2004,W2,MC,Residential-MD,Wood,RES-HD,RES3C,1,SSC-4,59007563,59150312,Greater Vancouver,5915,Vancouver,5915022,59150780,Lower Mainland--Southwest / Lower Mainland--Sud-ouest,5920,V6B,British Columbia / Colombie-Britannique,59,59007563,RES3C-W2-MC,-123.12286,49.27810,1.57312E+01,1.49977E+02,1.42064E-07,3.16212E+02
71595-RES4-W3-HC,2005-2016,W3,HC,Residential-HD,Wood,RES-HD,RES4,1,SSC-4,59007563,59150312,Greater Vancouver,5915,Vancouver,5915022,59150780,Lower Mainland--Southwest / Lower Mainland--Sud-ouest,5920,V6B,British Columbia / Colombie-Britannique,59,59007563,RES4-W3-HC,-123.12286,49.27810,1.46465E+02,1.69181E+03,2.31295E-07,4.44027E+03
71596-RES3B-URML-LC,1973-1989,URML,LC,Residential-MD,URMasonry,RES-HD,RES3B,1,SSC-4,59007563,59150312,Greater Vancouver,5915,Vancouver,5915022,59150780,Lower Mainland--Southwest / Lower Mainland--Sud-ouest,5920,V6B,British Columbia / Colombie-Britannique,59,59007563,RES3B-URML-LC,-123.12286,49.27810,1.03583E+02,1.56082E+03,3.30514E-06,2.70018E+02
71597-RES1-W1-HC,2005-2016,W1,HC,Residential-LD,Wood,RES-HD,RES1,1,SSC-4,59007563,59150312,Greater Vancouver,5915,Vancouver,5915022,59150780,Lower Mainland--Southwest / Lower Mainland--Sud-ouest,5920,V6B,British Columbia / Colombie-Britannique,59,59007563,RES1-W1-HC,-123.12286,49.27810,2.58643E+00,2.73255E+01,3.61929E-09,7.78377E+01
71598-COM4-C2M-MC,1990-2004,C2M,MC,Commercial,Concrete,RES-HD,COM4,1,SSC-4,59007563,59150312,Greater Vancouver,5915,Vancouver,5915022,59150780,Lower Mainland--Southwest / Lower Mainland--Sud-ouest,5920,V6B,British Columbia / Colombie-Britannique,59,59007563,COM4-C2M-MC,-123.12286,49.27810,1.36283E+02,2.20593E+02,1.56191E-05,3.06127E+02
71599-COM4-C3L-LC,1973-1989,C3L,LC,Commercial,Concrete,RES-HD,COM4,1,SSC-4,59007563,59150312,Greater Vancouver,5915,Vancouver,5915022,59150780,Lower Mainland--Southwest / Lower Mainland--Sud-ouest,5920,V6B,British Columbia / Colombie-Britannique,59,59007563,COM4-C3L-LC,-123.12286,49.27810,6.55894E+02,8.61639E+02,1.41382E-04,5.34960E+02
71600-COM3-C3L-LC,1973-1989,C3L,LC,Commercial,Concrete,RES-HD,COM3,1,SSC-4,59007563,59150312,Greater Vancouver,5915,Vancouver,5915022,59150780,Lower Mainland--Southwest / Lower Mainland--Sud-ouest,5920,V6B,British Columbia / Colombie-Britannique,59,59007563,COM3-C3L-LC,-123.12286,49.27810,3.75063E+02,4.89728E+02,1.16622E-04,3.05908E+02
71601-COM3-RM1L-PC,Pre-1973,RM1L,PC,Commercial,RMasonry,RES-HD,COM3,1,SSC-4,59007563,59150312,Greater Vancouver,5915,Vancouver,5915022,59150780,Lower Mainland--Southwest / Lower Mainland--Sud-ouest,5920,V6B,British Columbia / Colombie-Britannique,59,59007563,COM3-RM1L-PC,-123.12286,49.27810,9.37657E+01,1.45020E+02,2.00895E-05,6.92353E+01
71602-COM3-S4L-HC,2005-2016,S4L,HC,Commercial,Steel,RES-HD,COM3,1,SSC-4,59007563,59150312,Greater Vancouver,5915,Vancouver,5915022,59150780,Lower Mainland--Southwest / Lower Mainland--Sud-ouest,5920,V6B,British Columbia / Colombie-Britannique,59,59007563,COM3-S4L-HC,-123.12286,49.27810,1.13379E+01,2.00451E+01,2.38283E-07,1.38946E+01
71603-RES3E-C2H-HC,2005-2016,C2H,HC,Residential-HD,Concrete,RES-HD,RES3E,1,SSC-4,59007563,59150312,Greater Vancouver,5915,Vancouver,5915022,59150780,Lower Mainland--Southwest / Lower Mainland--Sud-ouest,5920,V6B,British Columbia / Colombie-Britannique,59,59007563,RES3E-C2H-HC,-123.12286,49.27810,2.14307E+00,1.08594E+02,2.86376E-07,1.89253E+02
71604-RES3C-W4-HC,2005-2016,W4,HC,Residential-MD,Wood,RES-HD,RES3C,1,SSC-4,59007563,59150312,Greater Vancouver,5915,Vancouver,5915022,59150780,Lower Mainland--Southwest / Lower Mainland--Sud-ouest,5920,V6B,British Columbia / Colombie-Britannique,59,59007563,RES3C-W4-HC,-123.12286,49.27810,2.37374E+01,2.76311E+02,3.44466E-08,9.48635E+02
71605-RES4-C2M-MC,1990-2004,C2M,MC,Residential-HD,Concrete,RES-HD,RES4,1,SSC-4,59007563,59150312,Greater Vancouver,5915,Vancouver,5915022,59150780,Lower Mainland--Southwest / Lower Mainland--Sud-ouest,5920,V6B,British Columbia / Colombie-Britannique,59,59007563,RES4-C2M-MC,-123.12286,49.27810,2.99334E+01,3.08007E+02,2.51251E-06,1.51286E+02
71606-RES3B-W4-HC,2005-2016,W4,HC,Residential-MD,Wood,RES-HD,RES3B,1,SSC-4,59007563,59150312,Greater Vancouver,5915,Vancouver,5915022,59150780,Lower Mainland--Southwest / Lower Mainland--Sud-ouest,5920,V6B,British Columbia / Colombie-Britannique,59,59007563,RES3B-W4-HC,-123.12286,49.27810,6.99215E+00,8.13907E+01,5.10602E-09,2.79432E+02
71607-RES1-W4-HC,2005-2016,W4,HC,Residential-LD,Wood,RES-HD,RES1,1,SSC-4,59007563,59150312,Greater Vancouver,5915,Vancouver,5915022,59150780,Lower Mainland--Southwest / Lower Mainland--Sud-ouest,5920,V6B,British Columbia / Colombie-Britannique,59,59007563,RES1-W4-HC,-123.12286,49.27810,5.17286E+00,5.46509E+01,7.23858E-09,1.55675E+02
71608-RES3B-URML-LC,1973-1989,URML,LC,Residential-MD,URMasonry,RES-HD,RES3B,1,SSC-4,59007564,59150312,Greater Vancouver,5915,Vancouver,5915022,59150782,Lower Mainland--Southwest / Lower Mainland--Sud-ouest,5920,V6Z,British Columbia / Colombie-Britannique,59,59007564,RES3B-URML-LC,-123.12531,49.27969,1.03390E+02,1.55525E+03,3.25986E-06,2.68731E+02
71609-RES3C-URML-LC,1973-1989,URML,LC,Residential-MD,URMasonry,RES-HD,RES3C,1,SSC-4,59007564,59150312,Greater Vancouver,5915,Vancouver,5915022,59150782,Lower Mainland--Southwest / Lower Mainland--Sud-ouest,5920,V6Z,British Columbia / Colombie-Britannique,59,59007564,RES3C-URML-LC,-123.12531,49.27969,1.16999E+02,1.75995E+03,7.32253E-06,3.04103E+02
71610-COM3-C2L-MC,1990-2004,C2L,MC,Commercial,Concrete,RES-HD,COM3,1,SSC-4,59007564,59150312,Greater Vancouver,5915,Vancouver,5915022,59150782,Lower Mainland--Southwest / Lower Mainland--Sud-ouest,5920,V6Z,British Columbia / Colombie-Britannique,59,59007564,COM3-C2L-MC,-123.12531,49.27969,2.25884E+01,4.12681E+01,2.48751E-06,2.73572E+01
71611-COM3-RM1L-MC,1990-2004,RM1L,MC,Commercial,RMasonry,RES-HD,COM3,1,SSC-4,59007564,59150312,Greater Vancouver,5915,Vancouver,5915022,59150782,Lower Mainland--Southwest / Lower Mainland--Sud-ouest,5920,V6Z,British Columbia / Colombie-Britannique,59,59007564,COM3-RM1L-MC,-123.12531,49.27969,2.25884E+01,3.38648E+01,1.51072E-06,2.46439E+01
71612-COM1-C2L-MC,1990-2004,C2L,MC,Commercial,Concrete,RES-HD,COM1,1,SSC-4,59007564,59150312,Greater Vancouver,5915,Vancouver,5915022,59150782,Lower Mainland--Southwest / Lower Mainland--Sud-ouest,5920,V6Z,British Columbia / Colombie-Britannique,59,59007564,COM1-C2L-MC,-123.12531,49.27969,6.35620E+01,1.17961E+02,1.97458E-05,7.69811E+01
71613-COM1-RM1L-MC,1990-2004,RM1L,MC,Commercial,RMasonry,RES-HD,COM1,1,SSC-4,59007564,59150312,Greater Vancouver,5915,Vancouver,5915022,59150782,Lower Mainland--Southwest / Lower Mainland--Sud-ouest,5920,V6Z,British Columbia / Colombie-Britannique,59,59007564,COM1-RM1L-MC,-123.12531,49.27969,6.35620E+01,9.63574E+01,1.19921E-05,6.93460E+01
71614-COM1-S1L-MC,1990-2004,S1L,MC,Commercial,Steel,RES-HD,COM1,1,SSC-4,59007564,59150312,Greater Vancouver,5915,Vancouver,5915022,59150782,Lower Mainland--Southwest / Lower Mainland--Sud-ouest,5920,V6Z,British Columbia / Colombie-Britannique,59,59007564,COM1-S1L-MC,-123.12531,49.27969,3.78055E+01,1.28513E+02,1.64250E-05,7.88823E+01
71615-COM4-URMM-LC,1973-1989,URMM,LC,Commercial,URMasonry,RES-HD,COM4,1,SSC-4,59007564,59150312,Greater Vancouver,5915,Vancouver,5915022,59150782,Lower Mainland--Southwest / Lower Mainland--Sud-ouest,5920,V6Z,British Columbia / Colombie-Britannique,59,59007564,COM4-URMM-LC,-123.12531,49.27969,2.98012E+03,6.69765E+03,2.71067E-04,3.10234E+03
71616-RES3E-C2H-MC,1990-2004,C2H,MC,Residential-HD,Concrete,RES-HD,RES3E,1,SSC-4,59007564,59150312,Greater Vancouver,5915,Vancouver,5915022,59150782,Lower Mainland--Southwest / Lower Mainland--Sud-ouest,5920,V6Z,British Columbia / Colombie-Britannique,59,59007564,RES3E-C2H-MC,-123.12531,49.27969,5.08788E+00,1.84782E+02,1.53311E-06,3.13948E+02
71617-COM3-RM1L-HC,2005-2016,RM1L,HC,Commercial,RMasonry,RES-HD,COM3,1,SSC-4,59007564,59150312,Greater Vancouver,5915,Vancouver,5915022,59150782,Lower Mainland--Southwest / Lower Mainland--Sud-ouest,5920,V6Z,British Columbia / Colombie-Britannique,59,59007564,COM3-RM1L-HC,-123.12531,49.27969,1.11563E+01,1.76595E+01,1.63738E-07,1.03877E+01
71618-COM3-W3-MC,1990-2004,W3,MC,Commercial,Wood,RES-HD,COM3,1,SSC-4,59007564,59150312,Greater Vancouver,5915,Vancouver,5915022,59150782,Lower Mainland--Southwest / Lower Mainland--Sud-ouest,5920,V6Z,British Columbia / Colombie-Britannique,59,59007564,COM3-W3-MC,-123.12531,49.27969,2.70889E+01,3.93184E+01,2.43670E-07,2.13116E+02
71619-COM4-C2H-MC,1973-1989,C2H,MC,Commercial,Concrete,RES-HD,COM4,1,SSC-4,59007564,59150312,Greater Vancouver,5915,Vancouver,5915022,59150782,Lower Mainland--Southwest / Lower Mainland--Sud-ouest,5920,V6Z,British Columbia / Colombie-Britannique,59,59007564,COM4-C2H-MC,-123.12531,49.27969,2.30464E+02,1.48902E+03,6.17143E-05,6.32035E+03
71620-COM4-W3-MC,1990-2004,W3,MC,Commercial,Wood,RES-HD,COM4,1,SSC-4,59007564,59150312,Greater Vancouver,5915,Vancouver,5915022,59150782,Lower Mainland--Southwest / Lower Mainland--Sud-ouest,5920,V6Z,British Columbia / Colombie-Britannique,59,59007564,COM4-W3-MC,-123.12531,49.27969,3.78976E+02,5.55921E+02,2.36433E-06,3.25069E+03
71621-RES3C-W2-MC,1990-2004,W2,MC,Residential-MD,Wood,RES-HD,RES3C,1,SSC-4,59007564,59150312,Greater Vancouver,5915,Vancouver,5915022,59150782,Lower Mainland--Southwest / Lower Mainland--Sud-ouest,5920,V6Z,British Columbia / Colombie-Britannique,59,59007564,RES3C-W2-MC,-123.12531,49.27969,1.57985E+01,1.50533E+02,1.37866E-07,3.15281E+02
71622-COM3-URML-LC,1973-1989,URML,LC,Commercial,URMasonry,RES-HD,COM3,1,SSC-4,59007564,59150312,Greater Vancouver,5915,Vancouver,5915022,59150782,Lower Mainland--Southwest / Lower Mainland--Sud-ouest,5920,V6Z,British Columbia / Colombie-Britannique,59,59007564,COM3-URML-LC,-123.12531,49.27969,2.00612E+02,4.80353E+02,1.29421E-05,2.31746E+02
71623-COM1-URML-LC,1973-1989,URML,LC,Commercial,URMasonry,RES-HD,COM1,1,SSC-4,59007564,59150312,Greater Vancouver,5915,Vancouver,5915022,59150782,Lower Mainland--Southwest / Lower Mainland--Sud-ouest,5920,V6Z,British Columbia / Colombie-Britannique,59,59007564,COM1-URML-LC,-123.12531,49.27969,5.64508E+02,1.35168E+03,1.02734E-04,6.52117E+02
71624-RES3B-W2-MC,1973-1989,W2,MC,Residential-MD,Wood,RES-HD,RES3B,1,SSC-4,59007564,59150312,Greater Vancouver,5915,Vancouver,5915022,59150782,Lower Mainland--Southwest / Lower Mainland--Sud-ouest,5920,V6Z,British Columbia / Colombie-Britannique,59,59007564,RES3B-W2-MC,-123.12531,49.27969,1.39610E+01,1.33024E+02,6.13755E-08,2.78609E+02
71625-COM3-C3L-PC,Pre-1973,C3L,PC,Commercial,Concrete,RES-HD,COM3,1,SSC-4,59007564,59150312,Greater Vancouver,5915,Vancouver,5915022,59150782,Lower Mainland--Southwest / Lower Mainland--Sud-ouest,5920,V6Z,British Columbia / Colombie-Britannique,59,59007564,COM3-C3L-PC,-123.12531,49.27969,9.31047E+01,1.44030E+02,3.70182E-05,9.92737E+01
71626-COM4-C3L-LC,1973-1989,C3L,LC,Commercial,Concrete,RES-HD,COM4,1,SSC-4,59007564,59150312,Greater Vancouver,5915,Vancouver,5915022,59150782,Lower Mainland--Southwest / Lower Mainland--Sud-ouest,5920,V6Z,British Columbia / Colombie-Britannique,59,59007564,COM4-C3L-LC,-123.12531,49.27969,6.51270E+02,8.55894E+02,1.40071E-04,5.31298E+02
71627-COM4-W3-MC,1973-1989,W3,MC,Commercial,Wood,RES-HD,COM4,1,SSC-4,59007564,59150312,Greater Vancouver,5915,Vancouver,5915022,59150782,Lower Mainland--Southwest / Lower Mainland--Sud-ouest,5920,V6Z,British Columbia / Colombie-Britannique,59,59007564,COM4-W3-MC,-123.12531,49.27969,1.89488E+02,2.77961E+02,1.18217E-06,1.62535E+03
145640-RES3D-W4-MC,1990-2004,W4,MC,Residential-HD,Wood,RES-HD,RES3D,1,SSC-4,59010777,59150312,Greater Vancouver,5915,Vancouver,5915022,59153847,Lower Mainland--Southwest / Lower Mainland--Sud-ouest,5920,V6B,British Columbia / Colombie-Britannique,59,59010777,RES3D-W4-MC,-123.12493,49.27737,6.90218E+01,6.57940E+02,4.64622E-07,1.37862E+03
145641-RES3E-C2H-PC,Pre-1973,C2H,PC,Residential-HD,Concrete,RES-HD,RES3E,1,SSC-4,59010777,59150312,Greater Vancouver,5915,Vancouver,5915022,59153847,Lower Mainland--Southwest / Lower Mainland--Sud-ouest,5920,V6B,British Columbia / Colombie-Britannique,59,59010777,RES3E-C2H-PC,-123.12493,49.27737,2.83217E+01,8.66207E+02,1.11826E-05,7.08146E+02
145642-RES3E-W4-HC,2005-2016,W4,HC,Residential-HD,Wood,RES-HD,RES3E,1,SSC-4,59010777,59150312,Greater Vancouver,5915,Vancouver,5915022,59153847,Lower Mainland--Southwest / Lower Mainland--Sud-ouest,5920,V6B,British Columbia / Colombie-Britannique,59,59010777,RES3E-W4-HC,-123.12493,49.27737,1.18259E+02,1.37707E+03,1.06336E-07,4.69954E+03
145643-COM3-C3L-LC,1973-1989,C3L,LC,Commercial,Concrete,RES-HD,COM3,1,SSC-4,59010777,59150312,Greater Vancouver,5915,Vancouver,5915022,59153847,Lower Mainland--Southwest / Lower Mainland--Sud-ouest,5920,V6B,British Columbia / Colombie-Britannique,59,59010777,COM3-C3L-LC,-123.12493,49.27737,9.28219E+01,1.21313E+02,2.87345E-05,7.57673E+01
145644-COM3-W3-MC,1973-1989,W3,MC,Commercial,Wood,RES-HD,COM3,1,SSC-4,59010777,59150312,Greater Vancouver,5915,Vancouver,5915022,59153847,Lower Mainland--Southwest / Lower Mainland--Sud-ouest,5920,V6B,British Columbia / Colombie-Britannique,59,59010777,COM3-W3-MC,-123.12493,49.27737,2.70601E+01,3.92957E+01,2.44248E-07,2.13030E+02
145645-COM4-C2M-MC,1990-2004,C2M,MC,Commercial,Concrete,RES-HD,COM4,1,SSC-4,59010777,59150312,Greater Vancouver,5915,Vancouver,5915022,59153847,Lower Mainland--Southwest / Lower Mainland--Sud-ouest,5920,V6B,British Columbia / Colombie-Britannique,59,59010777,COM4-C2M-MC,-123.12493,49.27737,1.36545E+02,2.21204E+02,1.56059E-05,3.07063E+02
145646-COM4-C3L-LC,1973-1989,C3L,LC,Commercial,Concrete,RES-HD,COM4,1,SSC-4,59010777,59150312,Greater Vancouver,5915,Vancouver,5915022,59153847,Lower Mainland--Southwest / Lower Mainland--Sud-ouest,5920,V6B,British Columbia / Colombie-Britannique,59,59010777,COM4-C3L-LC,-123.12493,49.27737,6.49293E+02,8.53785E+02,1.39405E-04,5.29995E+02
145647-RES3D-C2L-PC,Pre-1973,C2L,PC,Residential-HD,Concrete,RES-HD,RES3D,1,SSC-4,59010777,59150312,Greater Vancouver,5915,Vancouver,5915022,59153847,Lower Mainland--Southwest / Lower Mainland--Sud-ouest,5920,V6B,British Columbia / Colombie-Britannique,59,59010777,RES3D-C2L-PC,-123.12493,49.27737,1.18380E+02,1.33440E+03,3.22502E-05,2.56325E+02
145648-RES3D-W2-MC,1990-2004,W2,MC,Residential-HD,Wood,RES-HD,RES3D,1,SSC-4,59010777,59150312,Greater Vancouver,5915,Vancouver,5915022,59153847,Lower Mainland--Southwest / Lower Mainland--Sud-ouest,5920,V6B,British Columbia / Colombie-Britannique,59,59010777,RES3D-W2-MC,-123.12493,49.27737,1.03533E+02,9.86910E+02,6.96474E-07,2.06793E+03
145649-RES3E-W2-MC,1990-2004,W2,MC,Residential-HD,Wood,RES-HD,RES3E,1,SSC-4,59010777,59150312,Greater Vancouver,5915,Vancouver,5915022,59153847,Lower Mainland--Southwest / Lower Mainland--Sud-ouest,5920,V6B,British Columbia / Colombie-Britannique,59,59010777,RES3E-W2-MC,-123.12493,49.27737,2.35287E+02,2.24284E+03,1.31123E-06,4.69954E+03
145650-COM3-C2L-PC,Pre-1973,C2L,PC,Commercial,Concrete,RES-HD,COM3,1,SSC-4,59010777,59150312,Greater Vancouver,5915,Vancouver,5915022,59153847,Lower Mainland--Southwest / Lower Mainland--Sud-ouest,5920,V6B,British Columbia / Colombie-Britannique,59,59010777,COM3-C2L-PC,-123.12493,49.27737,1.85644E+02,3.30647E+02,6.78146E-05,1.78653E+02
145651-COM3-URML-LC,1973-1989,URML,LC,Commercial,URMasonry,RES-HD,COM3,1,SSC-4,59010777,59150312,Greater Vancouver,5915,Vancouver,5915022,59153847,Lower Mainland--Southwest / Lower Mainland--Sud-ouest,5920,V6B,British Columbia / Colombie-Britannique,59,59010777,COM3-URML-LC,-123.12493,49.27737,1.40474E+03,3.35923E+03,9.00609E-05,1.61928E+03
145652-COM3-W3-HC,2005-2016,W3,HC,Commercial,Wood,RES-HD,COM3,1,SSC-4,59010777,59150312,Greater Vancouver,5915,Vancouver,5915022,59153847,Lower Mainland--Southwest / Lower Mainland--Sud-ouest,5920,V6B,British Columbia / Colombie-Britannique,59,59010777,COM3-W3-HC,-123.12493,49.27737,4.08024E+01,7.50383E+01,5.94602E-08,6.39091E+02
145653-COM1-URML-LC,1973-1989,URML,LC,Commercial,URMasonry,RES-HD,COM1,1,SSC-4,59010777,59150312,Greater Vancouver,5915,Vancouver,5915022,59153847,Lower Mainland--Southwest / Lower Mainland--Sud-ouest,5920,V6B,British Columbia / Colombie-Britannique,59,59010777,COM1-URML-LC,-123.12493,49.27737,5.64692E+02,1.35038E+03,1.02101E-04,6.50936E+02
145654-COM4-S4M-HC,2005-2016,S4M,HC,Commercial,Steel,RES-HD,COM4,1,SSC-4,59010777,59150312,Greater Vancouver,5915,Vancouver,5915022,59153847,Lower Mainland--Southwest / Lower Mainland--Sud-ouest,5920,V6B,British Columbia / Colombie-Britannique,59,59010777,COM4-S4M-HC,-123.12493,49.27737,2.66666E+01,9.79674E+01,1.99435E-06,1.90034E+02
145655-COM4-URML-LC,1973-1989,URML,LC,Commercial,URMasonry,RES-HD,COM4,1,SSC-4,59010777,59150312,Greater Vancouver,5915,Vancouver,5915022,59153847,Lower Mainland--Southwest / Lower Mainland--Sud-ouest,5920,V6B,British Columbia / Colombie-Britannique,59,59010777,COM4-URML-LC,-123.12493,49.27737,1.40375E+03,3.35685E+03,6.24019E-05,1.61814E+03
145656-RES3D-W2-MC,1990-2004,W2,MC,Residential-HD,Wood,RES-HD,RES3D,1,SSC-4,59010777,59150312,Greater Vancouver,5915,Vancouver,5915022,59153847,Lower Mainland--Southwest / Lower Mainland--Sud-ouest,5920,V6B,British Columbia / Colombie-Britannique,59,59010777,RES3D-W2-MC,-123.12493,49.27737,3.45109E+01,3.28970E+02,2.32311E-07,6.89309E+02
145657-RES3E-C2L-MC,1990-2004,C2L,MC,Residential-HD,Concrete,RES-HD,RES3E,1,SSC-4,59010777,59150312,Greater Vancouver,5915,Vancouver,5915022,59153847,Lower Mainland--Southwest / Lower Mainland--Sud-ouest,5920,V6B,British Columbia / Colombie-Britannique,59,59010777,RES3E-C2L-MC,-123.12493,49.27737,1.30401E+02,1.50737E+03,8.88148E-06,3.55898E+02
145658-RES3E-C2M-HC,2005-2016,C2M,HC,Residential-HD,Concrete,RES-HD,RES3E,1,SSC-4,59010777,59150312,Greater Vancouver,5915,Vancouver,5915022,59153847,Lower Mainland--Southwest / Lower Mainland--Sud-ouest,5920,V6B,British Columbia / Colombie-Britannique,59,59010777,RES3E-C2M-HC,-123.12493,49.27737,1.12535E+01,1.35217E+02,1.73992E-07,7.32488E+01
145659-RES3E-W2-HC,2005-2016,W2,HC,Residential-HD,Wood,RES-HD,RES3E,1,SSC-4,59010777,59150312,Greater Vancouver,5915,Vancouver,5915022,59153847,Lower Mainland--Southwest / Lower Mainland--Sud-ouest,5920,V6B,British Columbia / Colombie-Britannique,59,59010777,RES3E-W2-HC,-123.12493,49.27737,3.94195E+01,4.59023E+02,3.54453E-08,1.56651E+03
145660-RES4-C2M-HC,2005-2016,C2M,HC,Residential-HD,Concrete,RES-HD,RES4,1,SSC-4,59010777,59150312,Greater Vancouver,5915,Vancouver,5915022,59153847,Lower Mainland--Southwest / Lower Mainland--Sud-ouest,5920,V6B,British Columbia / Colombie-Britannique,59,59010777,RES4-C2M-HC,-123.12493,49.27737,1.39722E+01,1.66462E+02,3.69733E-07,9.09448E+01
145661-COM3-RM1L-MC,1973-1989,RM1L,MC,Commercial,RMasonry,RES-HD,COM3,1,SSC-4,59010777,59150312,Greater Vancouver,5915,Vancouver,5915022,59153847,Lower Mainland--Southwest / Lower Mainland--Sud-ouest,5920,V6B,British Columbia / Colombie-Britannique,59,59010777,COM3-RM1L-MC,-123.12493,49.27737,2.24960E+01,3.37780E+01,1.51290E-06,2.45723E+01
145662-COM4-C2L-MC,1990-2004,C2L,MC,Commercial,Concrete,RES-HD,COM4,1,SSC-4,59010777,59150312,Greater Vancouver,5915,Vancouver,5915022,59153847,Lower Mainland--Southwest / Lower Mainland--Sud-ouest,5920,V6B,British Columbia / Colombie-Britannique,59,59010777,COM4-C2L-MC,-123.12493,49.27737,1.57360E+02,2.90169E+02,1.20394E-05,1.90878E+02
145663-COM4-URMM-LC,1973-1989,URMM,LC,Commercial,URMasonry,RES-HD,COM4,1,SSC-4,59010777,59150312,Greater Vancouver,5915,Vancouver,5915022,59153847,Lower Mainland--Southwest / Lower Mainland--Sud-ouest,5920,V6B,British Columbia / Colombie-Britannique,59,59010777,COM4-URMM-LC,-123.12493,49.27737,2.98058E+03,6.68988E+03,2.71989E-04,3.09571E+03
145664-RES4-RM1L-HC,2005-2016,RM1L,HC,Residential-HD,RMasonry,RES-HD,RES4,1,SSC-4,59010777,59150312,Greater Vancouver,5915,Vancouver,5915022,59153847,Lower Mainland--Southwest / Lower Mainland--Sud-ouest,5920,V6B,British Columbia / Colombie-Britannique,59,59010777,RES4-RM1L-HC,-123.12493,49.27737,4.00116E+01,4.08357E+02,6.41408E-07,8.39849E+01
145665-COM3-W3-MC,1990-2004,W3,MC,Commercial,Wood,RES-HD,COM3,1,SSC-4,59010777,59150312,Greater Vancouver,5915,Vancouver,5915022,59153847,Lower Mainland--Southwest / Lower Mainland--Sud-ouest,5920,V6B,British Columbia / Colombie-Britannique,59,59010777,COM3-W3-MC,-123.12493,49.27737,1.08240E+02,1.57183E+02,9.77451E-07,8.52121E+02
145666-COM1-W3-MC,1990-2004,W3,MC,Commercial,Wood,RES-HD,COM1,1,SSC-4,59010777,59150312,Greater Vancouver,5915,Vancouver,5915022,59153847,Lower Mainland--Southwest / Lower Mainland--Sud-ouest,5920,V6B,British Columbia / Colombie-Britannique,59,59010777,COM1-W3-MC,-123.12493,49.27737,1.52290E+02,2.23808E+02,3.87767E-06,1.28717E+03
145667-COM7-S5M-LC,1973-1989,S5M,LC,Commercial,Steel,RES-HD,COM7,1,SSC-4,59010778,59150312,Greater Vancouver,5915,Vancouver,5915022,59153849,Lower Mainland--Southwest / Lower Mainland--Sud-ouest,5920,V6Z,British Columbia / Colombie-Britannique,59,59010778,COM7-S5M-LC,-123.12709,49.27980,4.44481E+02,7.78890E+02,4.28869E-05,1.60211E+03
145668-COM7-W3-MC,1990-2004,W3,MC,Commercial,Wood,RES-HD,COM7,1,SSC-4,59010778,59150312,Greater Vancouver,5915,Vancouver,5915022,59153849,Lower Mainland--Southwest / Lower Mainland--Sud-ouest,5920,V6Z,British Columbia / Colombie-Britannique,59,59010778,COM7-W3-MC,-123.12709,49.27980,1.36929E+02,1.97236E+02,4.81840E-07,1.17111E+03
145669-GOV1-W2-MC,1990-2004,W2,MC,Civic,Wood,RES-HD,GOV1,1,SSC-4,59010778,59150312,Greater Vancouver,5915,Vancouver,5915022,59153849,Lower Mainland--Southwest / Lower Mainland--Sud-ouest,5920,V6Z,British Columbia / Colombie-Britannique,59,59010778,GOV1-W2-MC,-123.12709,49.27980,1.39151E+02,5.69139E+02,3.76822E-06,1.01931E+03
145670-REL1-W2-MC,1973-1989,W2,MC,Civic,Wood,RES-HD,REL1,1,SSC-4,59010778,59150312,Greater Vancouver,5915,Vancouver,5915022,59153849,Lower Mainland--Southwest / Lower Mainland--Sud-ouest,5920,V6Z,British Columbia / Colombie-Britannique,59,59010778,REL1-W2-MC,-123.12709,49.27980,6.97791E+01,2.71201E+02,1.64115E-06,4.29067E+02
145671-COM1-W3-MC,1973-1989,W3,MC,Commercial,Wood,RES-HD,COM1,1,SSC-4,59010778,59150312,Greater Vancouver,5915,Vancouver,5915022,59153849,Lower Mainland--Southwest / Lower Mainland--Sud-ouest,5920,V6Z,British Columbia / Colombie-Britannique,59,59010778,COM1-W3-MC,-123.12709,49.27980,7.60715E+01,1.11738E+02,1.91242E-06,6.41309E+02
145672-COM3-C3L-LC,1973-1989,C3L,LC,Commercial,Concrete,RES-HD,COM3,1,SSC-4,59010778,59150312,Greater Vancouver,5915,Vancouver,5915022,59153849,Lower Mainland--Southwest / Lower Mainland--Sud-ouest,5920,V6Z,British Columbia / Colombie-Britannique,59,59010778,COM3-C3L-LC,-123.12709,49.27980,9.23897E+01,1.20757E+02,2.85723E-05,7.54153E+01
145673-COM3-W3-MC,1973-1989,W3,MC,Commercial,Wood,RES-HD,COM3,1,SSC-4,59010778,59150312,Greater Vancouver,5915,Vancouver,5915022,59153849,Lower Mainland--Southwest / Lower Mainland--Sud-ouest,5920,V6Z,British Columbia / Colombie-Britannique,59,59010778,COM3-W3-MC,-123.12709,49.27980,2.70339E+01,3.92386E+01,2.40920E-07,2.12262E+02
145674-RES4-C2M-MC,1990-2004,C2M,MC,Residential-HD,Concrete,RES-HD,RES4,1,SSC-4,59010778,59150312,Greater Vancouver,5915,Vancouver,5915022,59153849,Lower Mainland--Southwest / Lower Mainland--Sud-ouest,5920,V6Z,British Columbia / Colombie-Britannique,59,59010778,RES4-C2M-MC,-123.12709,49.27980,2.99689E+01,3.08401E+02,2.53749E-06,1.51532E+02
145675-RES3E-C2H-HC,2005-2016,C2H,HC,Residential-HD,Concrete,RES-HD,RES3E,1,SSC-4,59010778,59150312,Greater Vancouver,5915,Vancouver,5915022,59153849,Lower Mainland--Southwest / Lower Mainland--Sud-ouest,5920,V6Z,British Columbia / Colombie-Britannique,59,59010778,RES3E-C2H-HC,-123.12709,49.27980,2.14952E+00,1.08904E+02,2.86079E-07,1.89675E+02
145676-RES3A-W4-MC,1990-2004,W4,MC,Residential-MD,Wood,RES-HD,RES3A,1,SSC-4,59010778,59150312,Greater Vancouver,5915,Vancouver,5915022,59153849,Lower Mainland--Southwest / Lower Mainland--Sud-ouest,5920,V6Z,British Columbia / Colombie-Britannique,59,59010778,RES3A-W4-MC,-123.12709,49.27980,6.53877E+00,8.41563E+01,1.72569E-08,1.00482E+02
145677-COM1-RM1L-MC,1990-2004,RM1L,MC,Commercial,RMasonry,RES-HD,COM1,1,SSC-4,59010778,59150312,Greater Vancouver,5915,Vancouver,5915022,59153849,Lower Mainland--Southwest / Lower Mainland--Sud-ouest,5920,V6Z,British Columbia / Colombie-Britannique,59,59010778,COM1-RM1L-MC,-123.12709,49.27980,6.28462E+01,9.55137E+01,1.18426E-05,6.86962E+01
145678-COM1-S1L-MC,1990-2004,S1L,MC,Commercial,Steel,RES-HD,COM1,1,SSC-4,59010778,59150312,Greater Vancouver,5915,Vancouver,5915022,59153849,Lower Mainland--Southwest / Lower Mainland--Sud-ouest,5920,V6Z,British Columbia / Colombie-Britannique,59,59010778,COM1-S1L-MC,-123.12709,49.27980,3.76308E+01,1.28271E+02,1.66191E-05,7.86816E+01
145679-COM3-C2L-MC,1990-2004,C2L,MC,Commercial,Concrete,RES-HD,COM3,1,SSC-4,59010778,59150312,Greater Vancouver,5915,Vancouver,5915022,59153849,Lower Mainland--Southwest / Lower Mainland--Sud-ouest,5920,V6Z,British Columbia / Colombie-Britannique,59,59010778,COM3-C2L-MC,-123.12709,49.27980,4.46679E+01,8.18292E+01,4.90358E-06,5.42483E+01
145680-COM3-RM1L-MC,1990-2004,RM1L,MC,Commercial,RMasonry,RES-HD,COM3,1,SSC-4,59010778,59150312,Greater Vancouver,5915,Vancouver,5915022,59153849,Lower Mainland--Southwest / Lower Mainland--Sud-ouest,5920,V6Z,British Columbia / Colombie-Britannique,59,59010778,COM3-RM1L-MC,-123.12709,49.27980,2.23340E+01,3.35629E+01,1.49189E-06,2.44129E+01
145681-RES3E-C2L-MC,1990-2004,C2L,MC,Residential-HD,Concrete,RES-HD,RES3E,1,SSC-4,59010778,59150312,Greater Vancouver,5915,Vancouver,5915022,59153849,Lower Mainland--Southwest / Lower Mainland--Sud-ouest,5920,V6Z,British Columbia / Colombie-Britannique,59,59010778,RES3E-C2L-MC,-123.12709,49.27980,6.47311E+01,7.49004E+02,4.38741E-06,1.76883E+02
145682-COM1-URML-PC,Pre-1973,URML,PC,Commercial,URMasonry,RES-HD,COM1,1,SSC-4,59010778,59150312,Greater Vancouver,5915,Vancouver,5915022,59153849,Lower Mainland--Southwest / Lower Mainland--Sud-ouest,5920,V6Z,British Columbia / Colombie-Britannique,59,59010778,COM1-URML-PC,-123.12709,49.27980,5.63012E+02,1.34579E+03,1.57313E-04,6.48520E+02
145683-COM3-W3-MC,1990-2004,W3,MC,Commercial,Wood,RES-HD,COM3,1,SSC-4,59010778,59150312,Greater Vancouver,5915,Vancouver,5915022,59153849,Lower Mainland--Southwest / Lower Mainland--Sud-ouest,5920,V6Z,British Columbia / Colombie-Britannique,59,59010778,COM3-W3-MC,-123.12709,49.27980,5.40679E+01,7.84772E+01,4.81840E-07,4.24524E+02
145684-RES4-W3-MC,1990-2004,W3,MC,Residential-HD,Wood,RES-HD,RES4,1,SSC-4,59010778,59150312,Greater Vancouver,5915,Vancouver,5915022,59153849,Lower Mainland--Southwest / Lower Mainland--Sud-ouest,5920,V6Z,British Columbia / Colombie-Britannique,59,59010778,RES4-W3-MC,-123.12709,49.27980,9.72822E+01,9.24132E+02,9.16130E-07,1.46794E+03
145685-COM4-RM1L-MC,1973-1989,RM1L,MC,Commercial,RMasonry,RES-HD,COM4,1,SSC-4,59010778,59150312,Greater Vancouver,5915,Vancouver,5915022,59153849,Lower Mainland--Southwest / Lower Mainland--Sud-ouest,5920,V6Z,British Columbia / Colombie-Britannique,59,59010778,COM4-RM1L-MC,-123.12709,49.27980,1.56227E+02,2.36941E+02,7.23793E-06,1.70769E+02
145686-COM7-S1M-MC,1990-2004,S1M,MC,Commercial,Steel,RES-HD,COM7,1,SSC-4,59010778,59150312,Greater Vancouver,5915,Vancouver,5915022,59153849,Lower Mainland--Southwest / Lower Mainland--Sud-ouest,5920,V6Z,British Columbia / Colombie-Britannique,59,59010778,COM7-S1M-MC,-123.12709,49.27980,4.23379E+01,8.08630E+02,3.56427E-05,1.36270E+03
145687-GOV1-URMM-LC,1973-1989,URMM,LC,Civic,URMasonry,RES-HD,GOV1,1,SSC-4,59010778,59150312,Greater Vancouver,5915,Vancouver,5915022,59153849,Lower Mainland--Southwest / Lower Mainland--Sud-ouest,5920,V6Z,British Columbia / Colombie-Britannique,59,59010778,GOV1-URMM-LC,-123.12709,49.27980,9.33578E+02,5.84776E+03,1.81440E-04,9.68770E+02
145688-COM4-URML-LC,1973-1989,URML,LC,Commercial,URMasonry,RES-HD,COM4,1,SSC-4,59010778,59150312,Greater Vancouver,5915,Vancouver,5915022,59153849,Lower Mainland--Southwest / Lower Mainland--Sud-ouest,5920,V6Z,British Columbia / Colombie-Britannique,59,59010778,COM4-URML-LC,-123.12709,49.27980,1.39957E+03,3.34545E+03,6.19100E-05,1.61213E+03
145689-COM7-C2L-HC,2005-2016,C2L,HC,Commercial,Concrete,RES-HD,COM7,1,SSC-4,59010778,59150312,Greater Vancouver,5915,Vancouver,5915022,59153849,Lower Mainland--Southwest / Lower Mainland--Sud-ouest,5920,V6Z,British Columbia / Colombie-Britannique,59,59010778,COM7-C2L-HC,-123.12709,49.27980,5.58163E+01,1.10121E+02,4.88612E-07,7.40510E+01
145690-COM7-W3-HC,2005-2016,W3,HC,Commercial,Wood,RES-HD,COM7,1,SSC-4,59010778,59150312,Greater Vancouver,5915,Vancouver,5915022,59153849,Lower Mainland--Southwest / Lower Mainland--Sud-ouest,5920,V6Z,British Columbia / Colombie-Britannique,59,59010778,COM7-W3-HC,-123.12709,49.27980,6.88371E+01,1.25273E+02,3.88724E-08,1.17111E+03
145691-COM1-URML-LC,1973-1989,URML,LC,Commercial,URMasonry,RES-HD,COM1,1,SSC-4,59010778,59150312,Greater Vancouver,5915,Vancouver,5915022,59153849,Lower Mainland--Southwest / Lower Mainland--Sud-ouest,5920,V6Z,British Columbia / Colombie-Britannique,59,59010778,COM1-URML-LC,-123.12709,49.27980,5.63012E+02,1.34579E+03,1.01296E-04,6.48520E+02
145692-COM3-S4L-MC,1973-1989,S4L,MC,Commercial,Steel,RES-HD,COM3,1,SSC-4,59010778,59150312,Greater Vancouver,5915,Vancouver,5915022,59153849,Lower Mainland--Southwest / Lower Mainland--Sud-ouest,5920,V6Z,British Columbia / Colombie-Britannique,59,59010778,COM3-S4L-MC,-123.12709,49.27980,2.23340E+01,4.44347E+01,3.15398E-06,2.76488E+01
145693-COM3-URML-LC,1973-1989,URML,LC,Commercial,URMasonry,RES-HD,COM3,1,SSC-4,59010778,59150312,Greater Vancouver,5915,Vancouver,5915022,59153849,Lower Mainland--Southwest / Lower Mainland--Sud-ouest,5920,V6Z,British Columbia / Colombie-Britannique,59,59010778,COM3-URML-LC,-123.12709,49.27980,8.00322E+02,1.91304E+03,5.10679E-05,9.21872E+02
145694-COM3-W3-HC,2005-2016,W3,HC,Commercial,Wood,RES-HD,COM3,1,SSC-4,59010778,59150312,Greater Vancouver,5915,Vancouver,5915022,59153849,Lower Mainland--Southwest / Lower Mainland--Sud-ouest,5920,V6Z,British Columbia / Colombie-Britannique,59,59010778,COM3-W3-HC,-123.12709,49.27980,1.35906E+01,2.49719E+01,1.94362E-08,2.12262E+02
145695-RES4-W3-HC,2005-2016,W3,HC,Residential-HD,Wood,RES-HD,RES4,1,SSC-4,59010778,59150312,Greater Vancouver,5915,Vancouver,5915022,59153849,Lower Mainland--Southwest / Lower Mainland--Sud-ouest,5920,V6Z,British Columbia / Colombie-Britannique,59,59010778,RES4-W3-HC,-123.12709,49.27980,4.89059E+01,5.64690E+02,7.39086E-08,1.46794E+03
145696-RES3E-URML-LC,1973-1989,URML,LC,Residential-HD,URMasonry,RES-HD,RES3E,1,SSC-4,59010778,59150312,Greater Vancouver,5915,Vancouver,5915022,59153849,Lower Mainland--Southwest / Lower Mainland--Sud-ouest,5920,V6Z,British Columbia / Colombie-Britannique,59,59010778,RES3E-URML-LC,-123.12709,49.27980,5.79898E+02,8.70818E+03,2.28354E-05,1.50293E+03
145697-RES3A-URML-LC,1973-1989,URML,LC,Residential-MD,URMasonry,RES-HD,RES3A,1,SSC-4,59010778,59150312,Greater Vancouver,5915,Vancouver,5915022,59153849,Lower Mainland--Southwest / Lower Mainland--Sud-ouest,5920,V6Z,British Columbia / Colombie-Britannique,59,59010778,RES3A-URML-LC,-123.12709,49.27980,5.85780E+01,8.79651E+02,1.60712E-06,1.51818E+02
145698-RES3A-W1-HC,2005-2016,W1,HC,Residential-MD,Wood,RES-HD,RES3A,1,SSC-4,59010778,59150312,Greater Vancouver,5915,Vancouver,5915022,59153849,Lower Mainland--Southwest / Lower Mainland--Sud-ouest,5920,V6Z,British Columbia / Colombie-Britannique,59,59010778,RES3A-W1-HC,-123.12709,49.27980,3.22630E+00,6.08345E+01,4.14083E-09,1.00482E+02
145699-COM1-S1L-MC,1990-2004,S1L,MC,Commercial,Steel,RES-HD,COM1,1,SSC-4,59010779,59150312,Greater Vancouver,5915,Vancouver,5915022,59153851,Lower Mainland--Southwest / Lower Mainland--Sud-ouest,5920,V6Z,British Columbia / Colombie-Britannique,59,59010779,COM1-S1L-MC,-123.12688,49.27863,3.78805E+01,1.28800E+02,1.64386E-05,7.90570E+01
145700-COM4-C1L-MC,1990-2004,C1L,MC,Commercial,Concrete,RES-HD,COM4,1,SSC-4,59010779,59150312,Greater Vancouver,5915,Vancouver,5915022,59153851,Lower Mainland--Southwest / Lower Mainland--Sud-ouest,5920,V6Z,British Columbia / Colombie-Britannique,59,59010779,COM4-C1L-MC,-123.12688,49.27863,1.89913E+02,3.96820E+02,3.15770E-05,2.68298E+02
145701-COM4-RM1L-MC,1990-2004,RM1L,MC,Commercial,RMasonry,RES-HD,COM4,1,SSC-4,59010779,59150312,Greater Vancouver,5915,Vancouver,5915022,59153851,Lower Mainland--Southwest / Lower Mainland--Sud-ouest,5920,V6Z,British Columbia / Colombie-Britannique,59,59010779,COM4-RM1L-MC,-123.12688,49.27863,6.28157E+02,9.52044E+02,2.91574E-05,6.86184E+02
145702-RES3E-W2-MC,1990-2004,W2,MC,Residential-HD,Wood,RES-HD,RES3E,1,SSC-4,59010779,59150312,Greater Vancouver,5915,Vancouver,5915022,59153851,Lower Mainland--Southwest / Lower Mainland--Sud-ouest,5920,V6Z,British Columbia / Colombie-Britannique,59,59010779,RES3E-W2-MC,-123.12688,49.27863,7.86884E+01,7.49775E+02,4.34204E-07,1.56496E+03
145703-RES3C-W2-MC,1990-2004,W2,MC,Residential-MD,Wood,RES-HD,RES3C,1,SSC-4,59010779,59150312,Greater Vancouver,5915,Vancouver,5915022,59153851,Lower Mainland--Southwest / Lower Mainland--Sud-ouest,5920,V6Z,British Columbia / Colombie-Britannique,59,59010779,RES3C-W2-MC,-123.12688,49.27863,1.58339E+01,1.50872E+02,1.37285E-07,3.14907E+02
145704-RES3B-W2-MC,1990-2004,W2,MC,Residential-MD,Wood,RES-HD,RES3B,1,SSC-4,59010779,59150312,Greater Vancouver,5915,Vancouver,5915022,59153851,Lower Mainland--Southwest / Lower Mainland--Sud-ouest,5920,V6Z,British Columbia / Colombie-Britannique,59,59010779,RES3B-W2-MC,-123.12688,49.27863,1.39922E+01,1.33324E+02,6.11169E-08,2.78279E+02
145705-COM4-URML-LC,1973-1989,URML,LC,Commercial,URMasonry,RES-HD,COM4,1,SSC-4,59010779,59150312,Greater Vancouver,5915,Vancouver,5915022,59153851,Lower Mainland--Southwest / Lower Mainland--Sud-ouest,5920,V6Z,British Columbia / Colombie-Britannique,59,59010779,COM4-URML-LC,-123.12688,49.27863,1.40257E+03,3.35383E+03,6.22851E-05,1.61656E+03
145706-RES3E-S4L-MC,1990-2004,S4L,MC,Residential-HD,Steel,RES-HD,RES3E,1,SSC-4,59010779,59150312,Greater Vancouver,5915,Vancouver,5915022,59153851,Lower Mainland--Southwest / Lower Mainland--Sud-ouest,5920,V6Z,British Columbia / Colombie-Britannique,59,59010779,RES3E-S4L-MC,-123.12688,49.27863,6.50676E+01,8.07346E+02,5.68229E-06,1.81081E+02
145707-COM3-S4L-MC,1990-2004,S4L,MC,Commercial,Steel,RES-HD,COM3,1,SSC-4,59010779,59150312,Greater Vancouver,5915,Vancouver,5915022,59153851,Lower Mainland--Southwest / Lower Mainland--Sud-ouest,5920,V6Z,British Columbia / Colombie-Britannique,59,59010779,COM3-S4L-MC,-123.12688,49.27863,2.24501E+01,4.46217E+01,3.17540E-06,2.77680E+01
145708-COM3-URML-PC,Pre-1973,URML,PC,Commercial,URMasonry,RES-HD,COM3,1,SSC-4,59010779,59150312,Greater Vancouver,5915,Vancouver,5915022,59153851,Lower Mainland--Southwest / Lower Mainland--Sud-ouest,5920,V6Z,British Columbia / Colombie-Britannique,59,59010779,COM3-URML-PC,-123.12688,49.27863,2.00509E+02,4.79458E+02,1.99249E-05,2.31101E+02
145709-COM3-W3-MC,1990-2004,W3,MC,Commercial,Wood,RES-HD,COM3,1,SSC-4,59010779,59150312,Greater Vancouver,5915,Vancouver,5915022,59153851,Lower Mainland--Southwest / Lower Mainland--Sud-ouest,5920,V6Z,British Columbia / Colombie-Britannique,59,59010779,COM3-W3-MC,-123.12688,49.27863,2.71496E+01,3.94071E+01,2.42643E-07,2.12816E+02
145710-COM3-W3-PC,Pre-1973,W3,PC,Commercial,Wood,RES-HD,COM3,1,SSC-4,59010779,59150312,Greater Vancouver,5915,Vancouver,5915022,59153851,Lower Mainland--Southwest / Lower Mainland--Sud-ouest,5920,V6Z,British Columbia / Colombie-Britannique,59,59010779,COM3-W3-PC,-123.12688,49.27863,1.07397E+02,1.80672E+02,3.85253E-06,4.50643E+02
145711-COM1-W3-MC,1990-2004,W3,MC,Commercial,Wood,RES-HD,COM1,1,SSC-4,59010779,59150312,Greater Vancouver,5915,Vancouver,5915022,59153851,Lower Mainland--Southwest / Lower Mainland--Sud-ouest,5920,V6Z,British Columbia / Colombie-Britannique,59,59010779,COM1-W3-MC,-123.12688,49.27863,7.63970E+01,1.12211E+02,1.92609E-06,6.42945E+02
145712-GOV1-W2-MC,1990-2004,W2,MC,Civic,Wood,RES-HD,GOV1,1,SSC-4,59010779,59150312,Greater Vancouver,5915,Vancouver,5915022,59153851,Lower Mainland--Southwest / Lower Mainland--Sud-ouest,5920,V6Z,British Columbia / Colombie-Britannique,59,59010779,GOV1-W2-MC,-123.12688,49.27863,1.39746E+02,5.71564E+02,3.79518E-06,1.02204E+03
145713-COM4-C2H-MC,1990-2004,C2H,MC,Commercial,Concrete,RES-HD,COM4,1,SSC-4,59010779,59150312,Greater Vancouver,5915,Vancouver,5915022,59153851,Lower Mainland--Southwest / Lower Mainland--Sud-ouest,5920,V6Z,British Columbia / Colombie-Britannique,59,59010779,COM4-C2H-MC,-123.12688,49.27863,2.29913E+02,1.49001E+03,6.17968E-05,6.33349E+03
145714-COM4-W3-MC,1990-2004,W3,MC,Commercial,Wood,RES-HD,COM4,1,SSC-4,59010779,59150312,Greater Vancouver,5915,Vancouver,5915022,59153851,Lower Mainland--Southwest / Lower Mainland--Sud-ouest,5920,V6Z,British Columbia / Colombie-Britannique,59,59010779,COM4-W3-MC,-123.12688,49.27863,5.69738E+02,8.35766E+02,3.53155E-06,4.86999E+03
145715-RES3C-C2M-MC,1990-2004,C2M,MC,Residential-MD,Concrete,RES-HD,RES3C,1,SSC-4,59010779,59150312,Greater Vancouver,5915,Vancouver,5915022,59153851,Lower Mainland--Southwest / Lower Mainland--Sud-ouest,5920,V6Z,British Columbia / Colombie-Britannique,59,59010779,RES3C-C2M-MC,-123.12688,49.27863,4.89943E+00,5.06112E+01,3.71463E-07,2.46893E+01
145716-COM3-C3L-LC,1973-1989,C3L,LC,Commercial,Concrete,RES-HD,COM3,1,SSC-4,59010779,59150312,Greater Vancouver,5915,Vancouver,5915022,59153851,Lower Mainland--Southwest / Lower Mainland--Sud-ouest,5920,V6Z,British Columbia / Colombie-Britannique,59,59010779,COM3-C3L-LC,-123.12688,49.27863,9.27085E+01,1.21164E+02,2.86973E-05,7.56725E+01
