version https://git-lfs.github.com/spec/v1
oid sha256:58e3997df06d9dff27f6c1f62ab995040ce9296ce8d1c4e58316e85c9645a788
size 154214
