version https://git-lfs.github.com/spec/v1
oid sha256:d406a2ec63eb158b24e0cb4e4d5f778b7fa0d2e68059c38759ab6a21622af7cb
size 969646
